arithmet: 0.6930585288515043
addit: 0.43736279291428537
requir: 0.1938704072152249
valu: 0.15666448203203287
protocol: 0.12101726837319883
generic: 0.12026665365127873
hand: 0.11788512373810091
add: 0.115310584322616
type: 0.1124985129935044
subtract: 0.1120089643736773
