affin: 0.729358088413422
transform: 0.4802785427657056
matrix: 0.414642744750385
mutat: 0.12655179568286945
angl: 0.08071827937237672
rotat: 0.07723073273241172
scale: 0.07723073273241172
take: 0.06760187804741252
valu: 0.06335758144125801
form: 0.06090649937163701
