bidirect: 0.7576276708646227
collect: 0.5874479560210069
sequenc: 0.2018854285896207
given: 0.09019481904985635
predic: 0.08312393113965749
boolean: 0.04681838328188134
whether: 0.04275003858197645
indic: 0.039427366033607136
valu: 0.03765215106833112
satisfi: 0.035797257656952276
