collect: 0.8886543426032791
sequenc: 0.33667485709109807
given: 0.13548289941413544
predic: 0.1189158283531689
boolean: 0.08037319824203897
whether: 0.07338906397337558
indic: 0.06768502635602332
valu: 0.058761374367804285
eras: 0.0576844404385005
anoth: 0.05456139055130805
