hashabl: 0.8706180119010892
type: 0.2185918533820547
valu: 0.1739480997838306
eras: 0.16262867701014777
mix: 0.16262867701014777
wrap: 0.1571583233402406
hash: 0.08914256708798544
instanc: 0.08036652892116503
hide: 0.07731471117235346
boolean: 0.07553155754431787
