index: 0.6314584305040812
argument: 0.2866282079102413
bound: 0.2796376400908697
indic: 0.24370407329454608
valu: 0.23802065890919785
boolean: 0.21704145861153085
rang: 0.2119289947476285
whether: 0.19818135696116979
second: 0.1835954149155887
upper: 0.16622896088733738
