iter: 0.6686437553665092
sequenc: 0.584376387200698
given: 0.19988738326198344
predic: 0.1754448263266657
boolean: 0.11858019241151281
whether: 0.1082760113720582
contain: 0.10679325520811635
indic: 0.09986044632074291
order: 0.09298309387868549
anoth: 0.08049822989910264
