path: 0.7197287949530223
key: 0.5570896788379706
valu: 0.16594748500050946
essenti: 0.13107399740754277
feed: 0.13107399740754277
hasher: 0.12665366262222238
given: 0.12146542061405548
append: 0.11955526311894672
compon: 0.10831264091207522
hash: 0.09921627373516174
