collect: 0.6423557027584819
random: 0.556601993950566
access: 0.4212186991636688
sequenc: 0.22751312687207056
given: 0.09740913146880723
predic: 0.09367583199837952
boolean: 0.05276159280028161
whether: 0.048176805129695036
indic: 0.04443234657053799
valu: 0.042431782634638336
