sequenc: 0.9406687331856592
given: 0.13530951117096734
predic: 0.132037225860783
boolean: 0.0991574766828646
whether: 0.09054105795072112
indic: 0.08350391137186376
contain: 0.07144093459681651
anoth: 0.06731310847035851
valu: 0.06524521560114957
concaten: 0.06267371406421252
