slice: 0.7976699920590715
array: 0.46491513280769026
collect: 0.18930722459693028
sequenc: 0.17549579658519388
given: 0.12763592224024414
predic: 0.09802484336138477
remov: 0.08570724949509469
index: 0.07343117887562353
specifi: 0.055670864337560494
contain: 0.053700944620064986
