array: 0.7771707466177852
sequenc: 0.3047365660837722
collect: 0.2715506232453312
given: 0.2308657660257796
predic: 0.1702135021926118
index: 0.12750826931161183
contain: 0.09324805367078558
remov: 0.09212965951369859
subsequ: 0.08645241075029787
specifi: 0.08120169611904544
