pointer: 0.5385991234017418
unsaf: 0.37934845382351406
mutabl: 0.3608194588256305
autoreleas: 0.34289934975078923
pointe: 0.21245089067579637
pass: 0.18795534005161332
referenc: 0.15856180941577658
writeback: 0.1555320220270169
inout: 0.14740215767330905
obj: 0.12773583220737827
