block: 0.8040997801418927
oper: 0.3410785448179294
execut: 0.2851295190627426
finish: 0.14981327973910383
assumpt: 0.11353261543191635
add: 0.10509629346709753
prioriti: 0.08858144919090537
dispatch: 0.08858144919090537
object: 0.08663683418439833
environ: 0.07843635466909235
