bool: 0.8481602975586363
boolean: 0.30116622448474806
valu: 0.21137722505665982
swift: 0.13917290796876375
logic: 0.13223562733060976
given: 0.08702874133153557
creat: 0.07759808302635345
help: 0.07539453839639129
random: 0.07427025318876442
instanc: 0.0712099238959532
