bundl: 0.9019651158848598
resourc: 0.2210756318772492
specifi: 0.1579066869005669
file: 0.13640422330796528
subdirectori: 0.11112244463861905
extens: 0.11056571125585914
locat: 0.09171429688395522
resid: 0.0909501929788549
pathnam: 0.07958141885649804
name: 0.07008000059804613
