count: 0.6440371261293265
byte: 0.47817934473449936
formatt: 0.41069665011770745
without: 0.2265289485505085
convert: 0.22285710321561528
number: 0.16727449215928872
string: 0.13996524072203465
creat: 0.11768642082565495
object: 0.11346558297815636
format: 0.09776669697141614
