cach: 0.6139817382934409
respons: 0.5732657023836042
cachedurlrespons: 0.3886405487198271
url: 0.16261109632241907
info: 0.11062052328597584
polici: 0.10350538560428091
storag: 0.1006816927703859
server: 0.0972714706214778
data: 0.09432139598860678
dictionari: 0.08353353161282412
