calendar: 0.6849252344566675
date: 0.5245584715736601
compon: 0.2912630336026955
given: 0.19881954771873017
weekend: 0.14813965610400648
time: 0.10962462119586745
valu: 0.08407582932987435
two: 0.08326488839131818
boolean: 0.07863114332652965
absolut: 0.07489426914218586
