cg: 0.8158446015622188
float: 0.4928230459733892
valu: 0.17770430372609958
round: 0.08564347973483018
argument: 0.072540443278704
self: 0.06783294011260219
boolean: 0.05492928882445275
ieee: 0.050886439821671695
whether: 0.05015613637036128
rang: 0.0482718745695665
