charact: 0.7361626564653346
set: 0.6237307753558962
valu: 0.09674743228909163
boolean: 0.07784125540086743
whether: 0.07107713761966632
superset: 0.07082572134853421
anoth: 0.0704567729844615
subset: 0.06590392882483848
indic: 0.06555279046539027
self: 0.06408483013827328
