charact: 0.8067458510255168
valu: 0.2307571718824559
unicod: 0.20031120777666545
scalar: 0.18332566094578504
bound: 0.16944010048060051
argument: 0.13025690765316106
rang: 0.12841357891992627
string: 0.1175407989031091
upper: 0.10072267748498957
partial: 0.10015560388833272
