rang: 0.6647658943858167
close: 0.5693331012859494
sequenc: 0.275662336045298
given: 0.18420704533582827
predic: 0.1358128008968785
collect: 0.11403650571092261
contain: 0.09816972691545078
index: 0.09537978206221862
subsequ: 0.08622512239803826
boolean: 0.08286920088011615
