cocoa: 0.7749553924193935
error: 0.5007572741186811
valu: 0.2048609960117812
boolean: 0.15567041390011674
equal: 0.15370038163932753
two: 0.1465280842041829
whether: 0.1421432295138153
indic: 0.13109539371510717
üfoo: 0.0
gap: 0.0
