info: 0.5758513167706109
user: 0.4168336792799512
key: 0.3973003828220455
code: 0.34157540438775547
valu: 0.23012303083773267
given: 0.15159489557940922
boolean: 0.13989328629994177
equal: 0.13812291593749426
whether: 0.1277370760685026
indic: 0.11780893354184961
