collect: 0.7386900750905959
one: 0.403833655741213
sequenc: 0.310547437638108
given: 0.2230823541236975
predic: 0.18168741342191863
index: 0.1432668065181304
subsequ: 0.09713692194911568
contain: 0.08731035599735854
satisfi: 0.06918376721778118
indic: 0.06652338713270399
