left: 0.3242060395348035
right: 0.3185112371011703
item: 0.30246823193518196
constant: 0.2778560778302362
invoc: 0.2696068461903628
comparison: 0.26543671364700383
last: 0.2646336490872843
request: 0.25569492502573776
function: 0.21577127996956047
order: 0.20963658861801834
