contigu: 0.8044575994035638
array: 0.4681081210998856
sequenc: 0.1779022713238481
collect: 0.1580319940200478
given: 0.13246674349497747
predic: 0.10173493130912378
index: 0.07621043485189005
remov: 0.05506498874309584
contain: 0.05263713957144213
subsequ: 0.05167175315643949
