va: 0.8123755937186722
pointer: 0.43280207553938466
list: 0.3908046291166928
üfoo: 0.0
fundament: 0.0
garbag: 0.0
gap: 0.0
galoi: 0.0
gallon: 0.0
gal: 0.0
