data: 0.8188771802595046
collect: 0.27949118119000094
sequenc: 0.19956735992528662
buffer: 0.1805762574864182
given: 0.14447091478566607
predic: 0.13980226385257621
remov: 0.11641429328975053
index: 0.11220747019853035
byte: 0.10991386135320408
specifi: 0.0967891513213679
