interv: 0.7923392745614068
date: 0.5271980680269822
bound: 0.09818228995387697
whether: 0.09277673037288027
durat: 0.08569344094153988
indic: 0.08556582003542394
start: 0.08314571864270033
argument: 0.07547753713213987
rang: 0.07440941786371738
end: 0.07405874099997735
