compon: 0.6587194611147674
date: 0.6400375427281887
properti: 0.16014322903864803
valu: 0.14951620019860876
minut: 0.09844298204076844
hour: 0.09502684055245596
calendar: 0.0807881269874393
whether: 0.07780659559876223
enumer: 0.07617804284577567
instead: 0.07365550297304133
