formatt: 0.5453028747290036
date: 0.5100079653561647
compon: 0.46881600842535465
string: 0.2534167961570614
format: 0.17701339982373304
base: 0.1620368605532629
take: 0.09289667823061058
local: 0.08006538035187749
specifi: 0.08005151008885021
user: 0.07885200395573462
