date: 0.5866738507414236
formatt: 0.4447945701986892
interv: 0.4286172569724611
string: 0.18948224642163106
readabl: 0.17880810321352325
end: 0.1730687036560214
start: 0.16192013647703468
user: 0.11791684743042716
stringfrom: 0.11446318330771657
format: 0.10588373668663532
