date: 0.9031835700903348
time: 0.18736354259097784
interv: 0.1552601566453004
valu: 0.14738168850772201
second: 0.09947152099936246
relat: 0.09284146620903795
boolean: 0.08959428645939319
bound: 0.08657540012656949
hand: 0.0776300783226502
argument: 0.06655475219464449
