date: 0.7637530731232111
formatt: 0.38603302268480255
represent: 0.24581573051872782
format: 0.22054919730541625
string: 0.17760584766684626
local: 0.15587057415341968
time: 0.09576755980373629
use: 0.0945328263524728
given: 0.09304705352650741
interv: 0.08927829233708691
