decim: 0.9616212478349795
valu: 0.123845512435586
number: 0.10005895976150195
initi: 0.0814552377961815
integ: 0.08112144394225372
creat: 0.07430768206974826
provid: 0.06640867558801902
unsign: 0.055525153301919206
two: 0.051434281482055616
one: 0.04948214068253241
