error: 0.5031785230684104
corrupt: 0.4471515203637203
decod: 0.35583920145301307
debug: 0.34527092968680934
descript: 0.29254614125649414
path: 0.24597445168812113
code: 0.19642424336724787
data: 0.1882357523747808
new: 0.15740036307414002
construct: 0.1546926962519437
