interpol: 0.8441506925723028
string: 0.3575613626736372
liter: 0.20907567979096245
default: 0.1888429371647243
textual: 0.138331126382544
creat: 0.09620701089848151
represent: 0.07918136365488523
type: 0.06174893572479136
valu: 0.06142217714667096
want: 0.057194725473663624
