default: 0.5629478236489973
indic: 0.5445013067258336
sequenc: 0.36300574712343253
given: 0.22468316153530177
collect: 0.18301833440547202
predic: 0.17437386357030704
index: 0.17348610054455985
distanc: 0.12019788357644827
subsequ: 0.110706852594733
contain: 0.09950752522770494
