dictionari: 0.8554923210363959
given: 0.2194836312778095
sequenc: 0.21797790815439183
predic: 0.16658110301244522
index: 0.1337005827861122
subsequ: 0.10987986291286973
contain: 0.10864061502976256
valu: 0.09995370541179618
collect: 0.0899173300181603
key: 0.08459167595840046
