unit: 0.8144250571237681
measur: 0.3721177188096419
electr: 0.18084952100627685
dimens: 0.17093211440237557
meter: 0.16363703205001237
per: 0.1014866505844478
mass: 0.09042476050313843
subclass: 0.05988769566264356
squar: 0.05636340831181102
base: 0.0540904611703642
