notif: 0.7302589428271075
center: 0.5112339971414986
distribut: 0.33383265957810626
dispatch: 0.14137918362651497
post: 0.12401522593556516
tabl: 0.10795691671964679
receiv: 0.08298041402277646
sender: 0.07068959181325749
entri: 0.06809513235720371
observ: 0.06207442650218595
