doubl: 0.7813058017583422
valu: 0.40868817959196424
argument: 0.17421193315238784
round: 0.14568997844877538
boolean: 0.14291038107340415
given: 0.13898083618546977
whether: 0.13049199644228904
indic: 0.12034973251124549
second: 0.11158885018175015
first: 0.08738277919175547
