sequenc: 0.6963738090378127
drop: 0.5894663287675249
first: 0.2987304572454176
given: 0.1303202064722314
predic: 0.12455194356548056
contain: 0.07581476053952821
satisfi: 0.07356095954187526
order: 0.06062201523152268
boolean: 0.06013039517263157
whether: 0.05490528577423775
