sequenc: 0.733601241094156
drop: 0.6133908811931286
given: 0.13876319571762963
predic: 0.12314828247612129
contain: 0.08649271398352705
satisfi: 0.06853587666566721
order: 0.06454950304396083
boolean: 0.06402603264518461
whether: 0.058462406729276925
indic: 0.053918517638312055
