collect: 0.6980946808122862
empti: 0.5700018155604697
sequenc: 0.25961782257467375
given: 0.16481127260303788
predic: 0.1518907739847177
subsequ: 0.08120651826927466
index: 0.07485695389718587
contain: 0.06812540366030741
boolean: 0.060035325490674744
satisfi: 0.0578376660879889
