energi: 0.7562581147312378
formatt: 0.47922355910274456
unit: 0.2858797361515691
provid: 0.12954347872252703
foundat: 0.11148519298837613
string: 0.10887945444285452
measur: 0.10885073089303035
valu: 0.09351699926994061
tvos: 0.078998109864657
watcho: 0.07650257549299612
