sequenc: 0.7862123075396115
enumer: 0.4754135663564479
predic: 0.18883292997230736
given: 0.1741615075056728
array: 0.09357040185716275
contain: 0.09195407447207903
satisfi: 0.07806792721941536
order: 0.0714847039405265
boolean: 0.07090499186353867
equival: 0.06646541538462082
