interpol: 0.8463945199318845
string: 0.26350616746323446
liter: 0.23583534916346174
initstr: 0.17054983468294493
express: 0.16592217203436088
type: 0.12189135630435086
behavior: 0.10392851045521308
implement: 0.10067162788431419
default: 0.0994060716753439
protocol: 0.08741424566864299
