file: 0.725752831779706
handl: 0.5359346025339481
devic: 0.1580079778685584
socket: 0.14971997405594478
communic: 0.13341475736333902
read: 0.1120675691240876
background: 0.11102850473854681
channel: 0.10312380070329391
end: 0.0793002636320607
write: 0.07911495746842684
