file: 0.6345244201181194
manag: 0.5229085297599245
directori: 0.3045820340760991
path: 0.2357659565544889
item: 0.18946271341284787
specifi: 0.14184041117397445
link: 0.09808346998323449
attribut: 0.09558079319776576
url: 0.0882715477140418
deprec: 0.07651403174389004
