attribut: 0.7191752169944067
type: 0.3889713063163312
file: 0.36108377291846655
itemat: 0.27212344664956145
valu: 0.1547651903703442
dictionari: 0.1462240147622823
path: 0.1438350433988813
possibl: 0.1426959932616381
key: 0.111332238885841
contain: 0.09532224668808828
