attribut: 0.617134434871493
file: 0.5164184955107111
key: 0.4776788514413305
topic: 0.194594151623213
raw: 0.14067766183498867
string: 0.12885239052264638
creat: 0.10834244686189796
manag: 0.10048369539827023
list: 0.09877535360914158
get: 0.08316410758423247
