deleg: 0.6016865018141196
manag: 0.3791409898955996
ask: 0.36542528233497557
file: 0.3247548749281928
item: 0.2735232588689663
move: 0.19501798020141684
continu: 0.15601438416113347
url: 0.128004651196965
occur: 0.12483158647593028
path: 0.11498995224355651
