wrapper: 0.7552663124065255
file: 0.5676199879651092
node: 0.11990376207996124
link: 0.10582338910906232
directori: 0.0985851227933947
deprec: 0.08805533115738635
receiv: 0.08379796072749267
system: 0.08191575838844763
instead: 0.07774088145593754
symbol: 0.07651082589217567
