protect: 0.7065934226582122
file: 0.48507192978340435
key: 0.33651283450288494
type: 0.29392617569430135
valu: 0.15593109242240225
attribut: 0.14491860470782503
associ: 0.12106249947371439
creat: 0.07632455106703295
gain: 0.0
gal: 0.0
