sequenc: 0.6866239049135208
flatten: 0.6652278505739934
given: 0.11929467868136312
predic: 0.10994248628134466
boolean: 0.07430826802021506
whether: 0.06785115380208809
contain: 0.06692198477142526
indic: 0.06257754064075562
concaten: 0.058709329068054934
order: 0.05826784828707491
