float: 0.7851984131662934
valu: 0.40543290355874273
argument: 0.1728243032697268
round: 0.14452953114736736
boolean: 0.14177207377302842
given: 0.13787382842820275
whether: 0.12945260384480822
indic: 0.11939112489935023
second: 0.11070002459855352
first: 0.08668675938735788
