valu: 0.6779658040733745
round: 0.31390958883855713
given: 0.25667468262562804
argument: 0.1876820797453277
boolean: 0.17764647380731555
whether: 0.16220965092901507
indic: 0.14960218735470995
new: 0.14830154170591145
creat: 0.14494514399871172
instanc: 0.12601205764536877
