formatt: 0.8841620808174567
user: 0.1278517959927793
subclass: 0.11635494043946783
custom: 0.11595063971856799
implement: 0.10988637351017959
default: 0.10850497752801823
string: 0.1027234277444766
date: 0.09541550734327374
rais: 0.09294598234533083
select: 0.08639974170250096
