hasher: 0.7919238297528616
hash: 0.289504521703215
valu: 0.16140681182055555
final: 0.15292231536733705
mix: 0.1509034953496103
state: 0.12927460088103662
sequenc: 0.11656948999706854
byte: 0.11006039206595916
feed: 0.10927503119812164
program: 0.09800629706448315
