host: 0.9083757776150059
address: 0.26127577892330495
name: 0.14391708934928366
network: 0.13194037982121282
object: 0.07365870598036854
initaddress: 0.0723941405928104
initnam: 0.06861000318269835
repres: 0.06794203984903112
discov: 0.06384255386515796
use: 0.06217989478714568
