cooki: 0.6550710265419453
http: 0.5380039706179758
properti: 0.3817525201231524
key: 0.3204935196094085
string: 0.10374256098820245
given: 0.0978306263768739
creat: 0.08722944801870867
use: 0.07099484511736866
fulli: 0.0
gal: 0.0
