cooki: 0.8598371694433622
storag: 0.38846446470326684
http: 0.21577617445384856
app: 0.13311974635538
store: 0.08017797715909665
maco: 0.06773129190307774
permit: 0.05965220494079005
polici: 0.057051319866591434
share: 0.05465197858104025
accept: 0.04848311252217948
