cooki: 0.8617517773485022
http: 0.4044280121570736
version: 0.1303429357584379
header: 0.10397268635167983
format: 0.10213738445341691
dictionari: 0.07910660931446505
field: 0.07437277714893997
netscap: 0.07360885014136968
array: 0.059971898902073134
defin: 0.05533287878351453
