respons: 0.6445937946307505
httpurl: 0.5243961779085607
url: 0.32911891596701676
http: 0.2881182132406831
status: 0.15423606695788292
protocol: 0.10751038582620295
code: 0.08853670241480015
download: 0.07645435866513194
class: 0.07424379490441468
header: 0.0740710923007117
