iter: 0.5538749751690324
index: 0.5138057647447076
sequenc: 0.5076848557758957
given: 0.16538557709990345
predic: 0.15242005546622123
indic: 0.10603402026942176
boolean: 0.10301813899547815
whether: 0.09406624295812575
contain: 0.09277807857344278
collect: 0.08958666110701395
