index: 0.7184195345298945
path: 0.610730440614243
sequenc: 0.1597187441834445
collect: 0.1252629140986128
given: 0.10406131433674715
predic: 0.08098505324298752
boolean: 0.06401921464711953
contain: 0.062268122560060674
order: 0.058088366372366806
first: 0.05724905112700132
