index: 0.8046487078386905
set: 0.47407477066529036
sequenc: 0.1553511296334846
given: 0.12575282568539714
integ: 0.12290508370185907
predic: 0.09045412073505277
self: 0.07864395993652365
contain: 0.07570669952763427
collect: 0.06645682744338688
rang: 0.05969632827800088
