stream: 0.6497341849154346
input: 0.49679529679392187
read: 0.22903392597214245
data: 0.2043941844525343
toll: 0.17336560454893485
bridg: 0.15530462309934379
free: 0.1518349416402418
initi: 0.12310012156075831
given: 0.11268865892139177
buffer: 0.11268092996782131
