int: 0.6818741576780186
valu: 0.37920014616507103
shift: 0.20744911673044314
left: 0.18115650937471914
given: 0.1611614962666254
result: 0.14757126479553673
hand: 0.13691537906850879
binari: 0.12152026326859046
side: 0.11967805537942597
digit: 0.11203020400185548
