valu: 0.5131081598811271
shift: 0.2900630801052643
left: 0.2532997774033809
given: 0.20656350503384
result: 0.20633963776882794
hand: 0.19144018153615716
binari: 0.1699141573337788
side: 0.16733831366210097
digit: 0.15664480307151168
variabl: 0.14975955824129883
