date: 0.6551648444595568
formatt: 0.41393493879719573
iso: 0.4117881827623784
format: 0.24634393606368907
represent: 0.244058278524477
creat: 0.14826795332932075
string: 0.14106884810335152
zone: 0.13521624927299944
option: 0.10167357532487316
time: 0.08557458532609319
