sequenc: 0.8279059375505609
iter: 0.44060018094636894
given: 0.15307419787272616
predic: 0.13435603399577772
boolean: 0.0908089722361086
whether: 0.08291800772594457
contain: 0.08178250979339742
indic: 0.07647334949462717
order: 0.07120665786368924
anoth: 0.06164572156027118
