sequenc: 0.7612319750115109
join: 0.5671058665542932
given: 0.1340444133230981
predic: 0.12353590483468843
boolean: 0.08349582983856399
whether: 0.07624035040983834
contain: 0.07519629782534826
indic: 0.07031470150313471
concaten: 0.0659682196935208
order: 0.06547215370856639
