json: 0.8195200874177877
encod: 0.48246310022665134
codabl: 0.10661201697991063
groceri: 0.10661201697991063
reusabl: 0.0943243837192152
show: 0.09067978637959026
strategi: 0.08915183329828599
adopt: 0.08776963160724044
product: 0.07984357757268516
type: 0.07619522688006045
