json: 0.8656088127206986
foundat: 0.26176729066394827
serial: 0.2585834124924935
object: 0.17270576370404117
convert: 0.1356841614787552
data: 0.10411205707004102
dictionari: 0.1037299510286647
given: 0.08036015001245209
js: 0.0678963072857202
oerial: 0.0678963072857202
