json: 0.7488820756946942
decod: 0.5746696323337595
type: 0.11936164774629322
groceri: 0.1113401852700394
codabl: 0.1113401852700394
reusabl: 0.09850760407955385
show: 0.0947013714003147
strategi: 0.09310565466991648
adopt: 0.09166215330186175
product: 0.08338458432167804
