decod: 0.7118146272711544
key: 0.5192176829075128
given: 0.29172824239020806
contain: 0.2882261768487159
type: 0.1544921465984586
valu: 0.13087128602487552
present: 0.10912671052879086
super: 0.037893524295231074
associ: 0.01847390029132755
store: 0.013049604430244116
