encod: 0.6954781969498086
key: 0.536095262677857
contain: 0.31110187037270604
given: 0.3045578886888427
valu: 0.12834634387397614
nil: 0.12656528969599593
super: 0.03956000851949846
store: 0.027247001805082115
elsewher: 0.02709550739091854
payload: 0.026373339012998973
