path: 0.7299575930352203
key: 0.5650070469889588
append: 0.2634146975493393
one: 0.15095608462710944
new: 0.14496323450575815
given: 0.13381166248583215
creat: 0.11931148648828535
valu: 0.02708371344121342
boolean: 0.02058045681425558
equal: 0.020320008069692745
