pair: 0.6184805068022964
key: 0.4841081606466382
valu: 0.3530326643966756
sequenc: 0.23238856145630532
given: 0.2180271911256676
predic: 0.18977174817217116
index: 0.1463406666556688
collect: 0.12185102440177333
subsequ: 0.10308679752253394
satisfi: 0.09230124295138399
