sequenc: 0.7301745955120992
lazi: 0.6200074205265308
given: 0.12029942929823437
predic: 0.11086846874873192
boolean: 0.0681219308338204
concaten: 0.06458596805921028
transform: 0.06445793982871088
satisfi: 0.06250309743842207
whether: 0.06220238648333628
result: 0.05846062009792124
