sequenc: 0.6567615941170989
lazi: 0.5576708151340873
prefix: 0.4371832952730102
given: 0.10820431913530802
predic: 0.09972156347300963
boolean: 0.06127283551597255
concaten: 0.05809238448019945
transform: 0.057977228426741016
satisfi: 0.0562189292303778
whether: 0.05594845226850526
