sequenc: 0.6327149849289396
lazi: 0.5311471668533839
drop: 0.5070862167628801
given: 0.10305796177660738
predic: 0.09497865851226861
boolean: 0.058358608889290835
concaten: 0.05532942480591611
transform: 0.05521974574457638
satisfi: 0.05354507385699635
whether: 0.05328746117923201
