sequenc: 0.6705217040653223
lazi: 0.556560338697178
filter: 0.41837120563359215
given: 0.10798885448571419
predic: 0.09952299033006703
boolean: 0.06115082439719677
concaten: 0.0579767065168231
transform: 0.057861779770835065
whether: 0.055837043465606404
result: 0.05247818242967917
