sequenc: 0.6875625720972586
lazi: 0.5771902371569401
map: 0.35265893028360684
given: 0.11199165337009254
predic: 0.10321198690809713
boolean: 0.06341748842323565
concaten: 0.06012571622037701
transform: 0.060006529510221215
satisfi: 0.05818668686721376
whether: 0.0579067427540703
