formatt: 0.591968777694257
length: 0.5889054271100198
unit: 0.35313764267778436
provid: 0.16002071121297912
foundat: 0.1377139169616409
string: 0.13449513559648577
measur: 0.13445965435947754
valu: 0.11551841035342879
tvos: 0.09758371358932176
watcho: 0.09450106374119656
