local: 0.8953471158940387
identifi: 0.21100332408173145
code: 0.1548375929551423
string: 0.14844154104181437
specifi: 0.12788457270084713
languag: 0.10154888432587152
icu: 0.07832916923136368
collat: 0.0721236804653936
window: 0.06711169068912086
canon: 0.06614683563309617
