mach: 0.7878619481602505
error: 0.4031006880741219
valu: 0.24736418037232738
boolean: 0.187967866466923
equal: 0.18558910513614663
two: 0.17692874757189328
whether: 0.17163415266290358
indic: 0.15829418604925727
futurei: 0.0
garbag: 0.0
