pointer: 0.521644626143293
buffer: 0.5199726588230249
manag: 0.44231330286800236
header: 0.20165183005287238
storag: 0.18492061909672364
bodi: 0.17376135888824074
unsaf: 0.15746013827473088
store: 0.13358484192184725
mutabl: 0.13104797487104902
purpos: 0.08699540942272824
