header: 0.4006951206722874
unsaf: 0.3337422875353714
buffer: 0.2952054357662673
manag: 0.29296830122358664
mutabl: 0.2777607805350222
bodi: 0.2762199724134366
pointer: 0.2551486354438602
storag: 0.2204694787971759
store: 0.2123533194410524
destroy: 0.18977496853425838
