mass: 0.7741389917458149
formatt: 0.46365330197032234
unit: 0.27659133428509364
provid: 0.12533453440995043
foundat: 0.10786297306968769
string: 0.10534189651209004
measur: 0.10531410620740382
valu: 0.09047857660221587
tvos: 0.0764314145087963
watcho: 0.07401696152621051
