measur: 0.9306228714018597
valu: 0.13325443885627625
bound: 0.12042573558424276
unit: 0.10445034707429302
scalar: 0.10423566798293438
argument: 0.09257716369718896
rang: 0.0912670593122545
two: 0.07331619607529356
upper: 0.07158637472321998
partial: 0.07118333993503168
