measur: 0.6400942547897187
formatt: 0.3913976767707125
unit: 0.3502311054209634
local: 0.3160733772269959
represent: 0.27692422433934516
stringfrom: 0.2417329366358483
creat: 0.1345874869505367
string: 0.12004934305746441
account: 0.09807421514317495
style: 0.08300935523443162
