memori: 0.703952355632769
layout: 0.49296455806632067
point: 0.170905803914911
type: 0.14520125530495973
alloc: 0.14128917474618247
contigu: 0.13824297770072233
align: 0.1269492478124926
stride: 0.12058894897704316
properti: 0.11880853761426967
raw: 0.1174989833363171
