mirror: 0.9147034450707631
subject: 0.1404867920705214
reflect: 0.12441615946677972
render: 0.11899528505408524
custom: 0.11570247606216412
descend: 0.10048825538206169
instanc: 0.09491086715820024
display: 0.08881161971175222
type: 0.06638182186056342
dump: 0.06533596036219735
