deleg: 0.55705056441983
browser: 0.4617545460574373
net: 0.451064195321388
servic: 0.3469586877536181
tell: 0.28004982441944953
disappear: 0.11954295912112621
search: 0.11595534700161736
unavail: 0.1088607898159688
sender: 0.0932708941763853
domain: 0.0825887248712279
