servic: 0.6417612561578232
net: 0.629831875755558
txt: 0.20339429889223135
receiv: 0.14742063519905282
record: 0.14260331182457003
network: 0.13037904972277475
publish: 0.11338918533657633
resolv: 0.10060423783992127
given: 0.06350228396834619
advertis: 0.0630870664166157
