browser: 0.5698544759530585
servic: 0.5389730106242538
net: 0.4282011078775181
search: 0.29721038186282894
domain: 0.14112459144121742
network: 0.12409634691110583
run: 0.111797788645357
loop: 0.0863597145814691
perform: 0.06901309145591765
host: 0.06407787125744292
