deleg: 0.5928541045018283
servic: 0.5371038635937734
net: 0.5120593385626563
notifi: 0.1690760404959096
publish: 0.16132636118871974
readi: 0.0772206177541542
resolv: 0.07156818158055678
network: 0.061832991698999175
inform: 0.060886026642426344
bonjour: 0.050890557163741044
