notif: 0.9372761968765497
equal: 0.18287594614157415
two: 0.17434219583157978
valu: 0.1218739604728923
compar: 0.10206135672866767
boolean: 0.09260996597600528
whether: 0.08456250175733665
indic: 0.07799002808174578
initi: 0.07308570533318112
new: 0.07247998178571226
