notif: 0.8426184625351226
queue: 0.4074450455634293
post: 0.19262994107625336
center: 0.1512548141570805
coalesc: 0.08543549468778808
loop: 0.0793279286954035
criteria: 0.07705197643050135
run: 0.07702104258574372
style: 0.06106552430756898
match: 0.04935467021008621
