notif: 0.7813057534241284
center: 0.5362455402064711
observ: 0.11394485788872966
post: 0.10926932529113492
dispatch: 0.10380719980509569
sender: 0.10380719980509569
add: 0.09237051353045092
name: 0.07934791925192676
tabl: 0.07926701043813841
entri: 0.07499793989155173
