struct: 0.4925035868972407
affin: 0.4811013470543461
transform: 0.47649195289744106
matrix: 0.33732638283560357
ns: 0.2405135288080916
draw: 0.16866319141780178
fill: 0.14510405503461588
guid: 0.13998448881823392
cocoa: 0.12998732151034345
initi: 0.12363924339106115
