transform: 0.5541124077111423
affin: 0.5292309053411023
matrix: 0.5035985829262928
ns: 0.20158064150850433
receiv: 0.19269230220148648
appli: 0.11434835604968419
factor: 0.1112421749625388
rotat: 0.07405224717348748
scale: 0.07405224717348748
point: 0.059904044076880256
