event: 0.6920518058652022
appl: 0.5881453232368739
manag: 0.18070163695113042
suspend: 0.1544331882969899
handler: 0.12946005705342034
handl: 0.11352084267355186
ns: 0.11055769879684983
suspensionid: 0.10549799483947113
nonzero: 0.09998347521544099
current: 0.0869833895442377
