script: 0.6972746150020083
appl: 0.5221351244173107
compil: 0.252646966027266
event: 0.18698513049165377
execut: 0.14112867233883447
ns: 0.13740903438361618
url: 0.09284714740956912
newli: 0.08369911521088873
error: 0.08226413592264699
alloc: 0.07716078310136262
