descriptor: 0.7317001162131533
appl: 0.4636479012210984
event: 0.3795197690964796
ns: 0.2105951004990845
keyword: 0.10776831848369911
receiv: 0.08083461624238025
specifi: 0.07402106138494756
type: 0.07357620419893872
initi: 0.07022222874064442
newli: 0.048537807402718285
