archiv: 0.8437098719649034
object: 0.262559830330642
data: 0.1884270257265006
encod: 0.18738626509168943
ns: 0.18543666050445154
graph: 0.15848809818720844
mutabl: 0.14253727676712274
given: 0.11635174238153809
name: 0.0781712845730336
file: 0.06181222016815052
