array: 0.8325184061456564
ns: 0.38385363784231963
given: 0.18354944595148934
object: 0.15027608174825843
index: 0.14331320976478065
receiv: 0.09469117301912336
block: 0.06973763840283546
specifi: 0.06953663339859775
list: 0.0639461697418689
order: 0.060987896162078635
