assert: 0.87799910317414
handler: 0.2714977986791917
macro: 0.24890134662297342
evalu: 0.10662375180422468
condit: 0.10470679237985456
fals: 0.08756429638787142
ssert: 0.08296711554099113
inconsist: 0.07555330563127144
invok: 0.07415386577388018
object: 0.06331227554775391
