attribut: 0.7709726637078168
string: 0.38125064994676205
ns: 0.282960712813393
given: 0.1677780888571308
charact: 0.15900261101484908
rang: 0.14254143007442113
object: 0.10989097206351409
data: 0.0931576976158812
contain: 0.08515639942245652
within: 0.08137371441922046
