background: 0.553671560209265
activ: 0.5325559203019393
schedul: 0.527972764646835
task: 0.12123444282716017
deferr: 0.10917337120023511
mainten: 0.10346673479618493
effici: 0.09999452087769398
ns: 0.09152747752719491
energi: 0.08652166382149595
repeat: 0.07015113372679088
