resourc: 0.6519713973042401
tag: 0.3582567584993075
bundl: 0.3518484271157051
request: 0.3452328828617819
manag: 0.25159023080834364
mark: 0.22457649690084966
devic: 0.15856527971853052
demand: 0.11703922138660766
ns: 0.10775035688150886
access: 0.0690828461513854
