calendar: 0.6554032052472045
date: 0.4670657631878895
ns: 0.3258769290782071
given: 0.27240328990312507
compon: 0.21591673908974549
unit: 0.1348370954423929
absolut: 0.11173401896031407
time: 0.10903192499248154
year: 0.07534300220882738
weekend: 0.0721659059309396
