cach: 0.8708185121015348
ns: 0.19504330631296748
key: 0.18041193983333137
memori: 0.12732789304474154
remov: 0.10565679941424189
valu: 0.10449761487483063
object: 0.09862924406438814
polici: 0.09786871526716047
item: 0.09240429550439248
mutabl: 0.08995289817410865
