cach: 0.7147078034705987
deleg: 0.4448747635333295
evict: 0.3619188201749461
ns: 0.3201562004008721
remov: 0.1734316346786201
call: 0.13520247952093056
object: 0.09713770123665728
fuzzi: 0.0
gain: 0.0
gal: 0.0
