charact: 0.8042388875768678
set: 0.4305683244985288
ns: 0.2104737994446301
given: 0.1188551061153925
bitmap: 0.09517158071886117
receiv: 0.09197409471086102
boolean: 0.08226051077343616
cluster: 0.08094902294757707
object: 0.07663112326919372
whether: 0.07511237601189062
