command: 0.6123424172146227
clone: 0.5248649290411052
locat: 0.22263154303417546
duplic: 0.20866979158564258
scriptabl: 0.19976413146794048
object: 0.1674372670022669
script: 0.16335468062257483
correspond: 0.1416618295896022
specifi: 0.13048851888406676
support: 0.11132218624245901
