command: 0.6315746669397618
close: 0.44576916347444295
save: 0.3093321628066822
document: 0.2601040543998145
automat: 0.17464052402636351
support: 0.13395498309924408
window: 0.12360064324034617
scriptabl: 0.12018898369612206
ask: 0.11867551474376971
cocoa: 0.10766786677313896
