descript: 0.75662737637552
class: 0.4354766802941779
relationship: 0.2729933029722064
ns: 0.21294119042070211
subclass: 0.11284101062436513
object: 0.10767982269365602
cach: 0.10563644335236246
given: 0.1002070402213677
concret: 0.09995459539743694
intellig: 0.08466494890823685
