coder: 0.7253908293274877
encod: 0.3621097203946722
ns: 0.35110302012501815
key: 0.24775862178222569
structur: 0.15582021274259222
decod: 0.15487446379169414
associ: 0.15176639049804858
archiv: 0.1212698101766443
string: 0.1029575914578865
data: 0.09930570306774926
