predic: 0.7100896685291073
compound: 0.5552654604047853
subpred: 0.2603958861983975
ing: 0.18508848680159512
ns: 0.16373071354427388
evalu: 0.1254912239618373
form: 0.10119330412369712
given: 0.09631162813773535
array: 0.07539927601833622
truth: 0.06509897154959937
