predic: 0.5665119450080617
express: 0.5107823393329843
comparison: 0.3620571321055041
left: 0.22110940734701112
right: 0.2172255364824655
ns: 0.19351839758628964
given: 0.17075054101961107
evalu: 0.14832196138734938
combin: 0.12219274518530646
result: 0.12170077974181885
