lock: 0.6636254616456084
condit: 0.6173946189705488
acquir: 0.2755202863589304
ns: 0.1822830262858634
attempt: 0.1244611292477112
moment: 0.0958712294907954
relinquish: 0.0958712294907954
receiv: 0.07467667754862672
set: 0.05179141419364964
met: 0.05151521173781291
