condit: 0.8027504137406317
thread: 0.3008421399673496
signal: 0.2708001431356789
ns: 0.17775637769510366
checkpoint: 0.16962130743350334
wake: 0.16075497751018106
block: 0.16018005691818457
lock: 0.10899294296643627
wait: 0.10202929606082711
task: 0.09418022211936117
