encod: 0.36728264043622116
object: 0.3136762265282753
encodewith: 0.3082910640591814
decod: 0.2513390778267295
code: 0.24664867596448087
coder: 0.24432565844996385
archiv: 0.240537656276801
instruct: 0.21122256731948014
ns: 0.19384605738077842
variabl: 0.17117496221334377
