copi: 0.7911127969659879
copywith: 0.3480553408007442
inherit: 0.17457777116285828
invok: 0.1138694894859236
ns: 0.10681059660024562
sender: 0.09940350703631666
init: 0.09797439721408231
object: 0.09722131704904677
retain: 0.09665974361713811
vari: 0.0954425645013154
