count: 0.6397134894604125
set: 0.5496967389149106
object: 0.31697957970980345
ns: 0.23216292507687353
distinct: 0.1400654391403169
number: 0.1298058769822684
given: 0.12290907393617277
time: 0.10541890404273623
insert: 0.07132380013859455
initi: 0.0671324074990431
