command: 0.7713603944368127
creat: 0.38283829496910626
script: 0.18005393946067122
object: 0.14764310111660253
nul: 0.14510837894223302
init: 0.11159006281065467
scriptabl: 0.11009270960789193
appl: 0.10112137032464646
cocoa: 0.09862340812137876
class: 0.09735251198912534
