compon: 0.5748713085575895
date: 0.5669669143815893
week: 0.34171906560511534
ns: 0.19570753641714553
month: 0.14817537505548806
year: 0.1432844982384065
calendar: 0.13597322787478788
minut: 0.11045855811447981
hour: 0.10662545538545257
intend: 0.0950275959132805
