detector: 0.7433414951251859
data: 0.32312936232722805
result: 0.29627578459710896
date: 0.17547679390065368
type: 0.1631244750775015
link: 0.15475028969615048
text: 0.13908520035877325
match: 0.12669249606153896
check: 0.1190650292329602
phone: 0.11412151402985495
