date: 0.8692771302895
ns: 0.25004999015725105
given: 0.16809986276718183
time: 0.15138791524412487
object: 0.1300576649293306
relat: 0.12859714166891278
receiv: 0.1040650802769625
interv: 0.10080698502234975
second: 0.08857324534167497
string: 0.08021618495136057
