data: 0.7643869944338509
ns: 0.34627659809563177
given: 0.25285771861979994
object: 0.2246170599521854
byte: 0.19542840263011874
buffer: 0.140466875511187
initi: 0.13810979826011832
path: 0.08561589213587262
rang: 0.08202357404156245
encod: 0.08144624656568601
