date: 0.6790593000195171
interv: 0.6704229968895835
ns: 0.15837835210882328
start: 0.10130715120570022
intersect: 0.0913693739535689
end: 0.0902353145184726
receiv: 0.08651139474036475
durat: 0.0783085273708512
whether: 0.07065115923651522
initi: 0.04884992471225808
