decim: 0.7413936902758431
number: 0.3889331373258504
behavior: 0.27226601866010575
round: 0.18063659695663073
ns: 0.1580959634776035
operand: 0.14307115382795682
way: 0.14131890948734444
requir: 0.13207104971037678
error: 0.1242268137700852
precis: 0.12274144736577151
