decim: 0.6705413180068347
number: 0.5876060621478537
ns: 0.26810117159815905
given: 0.1608597738259795
behavior: 0.12927942216472071
power: 0.10725703077238564
anoth: 0.10669830287967515
multipli: 0.09262495403296364
rais: 0.0907907872706969
mantissa: 0.08736403280183667
