decim: 0.6659745889358333
number: 0.38112925032176237
behavior: 0.3354095365971412
handler: 0.23756273581553458
need: 0.20292851343553817
think: 0.14519377355196234
class: 0.1298797370949046
probabl: 0.12174463494478094
ns: 0.12172583570303121
argument: 0.11780226118517795
