command: 0.5404096261749368
delet: 0.5365965684435375
object: 0.20687542076874813
remov: 0.18467979961425948
key: 0.1576729613293035
execut: 0.13616907816402643
valueat: 0.13554920265475115
properti: 0.12520700453080225
sketch: 0.12343674080352655
third: 0.11953739903536598
