lock: 0.7987437309798656
distribut: 0.42939427804562796
ns: 0.16283369874847736
relinquish: 0.13702705924636935
file: 0.13026695899878188
acquir: 0.11251322604588522
attempt: 0.10673405956226042
system: 0.09485153184913865
entri: 0.08758777596504698
receiv: 0.07115603970817361
