discard: 0.6974273334247884
content: 0.4252405906851224
counter: 0.34325417598654884
memori: 0.1792384798292353
ns: 0.17160058613453172
variabl: 0.13637807144408243
still: 0.12977233614412398
requir: 0.11468209076654448
equal: 0.09932812845896584
access: 0.0990176878394026
