dictionari: 0.8375571984688978
ns: 0.37956710031398844
key: 0.17912933621039243
file: 0.12394027765354723
valu: 0.10956497311703511
newli: 0.09908715433435701
given: 0.09842259317295532
alloc: 0.09134675324178236
object: 0.06580765539427982
content: 0.06107785647103321
