edg: 0.7632105885447591
inset: 0.5088070590298395
rectangl: 0.2342488635083786
ns: 0.19517724323797156
describ: 0.12875004466703638
distanc: 0.11202859212635495
frame: 0.08212232442752473
relationship: 0.07506590931225045
align: 0.06893341623602184
measur: 0.05842336012196745
