enumer: 0.8645491665946881
object: 0.2669292790113946
next: 0.16994609978673636
dictionari: 0.16032215975963315
collect: 0.14416806101346052
ns: 0.13196585258255367
content: 0.0990976997657417
method: 0.09704458709680341
key: 0.08137753577650823
array: 0.08102841166023464
