error: 0.7262850349020397
domain: 0.40541215722637197
recoveri: 0.22365528617913835
info: 0.17988251765134278
ns: 0.17889660029391422
user: 0.15625094079752228
cocoa: 0.14502899284763698
local: 0.13221277813386595
modal: 0.10111634013430461
mach: 0.09158239223080923
