except: 0.601118224282805
ns: 0.3396718726708747
flow: 0.25598680321195405
program: 0.23205254154907204
handler: 0.22097028918917627
top: 0.19359561501620795
rais: 0.19171293029460962
interrupt: 0.18506016052424495
error: 0.17793561809353656
reason: 0.15534063312068483
