extens: 0.6568392404651562
context: 0.4918341140054657
app: 0.3388426223486429
ns: 0.2926222159379358
tell: 0.1437680610419872
play: 0.10178251646360338
host: 0.1010677396713265
media: 0.09471003481162299
request: 0.08113531049321228
notif: 0.07419692731727853
