extens: 0.5968488024410928
request: 0.430062854350866
app: 0.3232902222507989
handl: 0.2756481657386058
host: 0.21428638328549793
requestwith: 0.1707782059031307
protocol: 0.16591183875499657
hook: 0.14659093363788003
ns: 0.14317500898882013
cycl: 0.1376641311025097
