express: 0.910811402192424
ns: 0.26637451134390205
given: 0.11110744318425311
new: 0.10184891123887461
evalu: 0.0928011132014351
collect: 0.09259243700557249
aggreg: 0.0711671193212754
type: 0.06847607868858113
repres: 0.0632524218546586
key: 0.055998219088045136
