fast: 0.5685918631964008
enumer: 0.4441306648185344
state: 0.40726523648010376
ns: 0.3389632660898246
count: 0.3113321871948624
enumeratingwith: 0.2695420979714223
see: 0.11337385425673156
inform: 0.10749438450529425
object: 0.06856260044400761
fuzzi: 0.0
