fast: 0.6404330674664067
enumer: 0.5002462793375919
iter: 0.44026666978951495
ns: 0.3817910496291329
fundament: 0.0
garbag: 0.0
gap: 0.0
galoi: 0.0
gallon: 0.0
gal: 0.0
