enumer: 0.523163583534955
fast: 0.4465150765787761
ns: 0.26618778514459773
sender: 0.24772822375136627
array: 0.24516311998359364
object: 0.24228988394272266
conveni: 0.20666102600630554
item: 0.18916487232860618
next: 0.17139879374437014
abstract: 0.15422979610536888
