coordin: 0.6414030168677127
file: 0.6075092720312544
ns: 0.23625360578993226
write: 0.15347409350560312
present: 0.13932029920519362
directori: 0.12049341857191205
oper: 0.1075045559280102
read: 0.10375834786210714
chang: 0.09398228479230303
object: 0.07168104864616243
