version: 0.7460088962207022
file: 0.5176125465556702
ns: 0.2277495204844949
revis: 0.19756954553012662
current: 0.08144831931201453
specifi: 0.07343483523245589
content: 0.0699647530884099
creat: 0.06515577227511936
app: 0.06233455643695523
applic: 0.061695946968531465
