servic: 0.5762368068758644
name: 0.542698822074725
provid: 0.24459496512786316
protocol: 0.1989097730560559
instanti: 0.18553995402084905
file: 0.1716508523983031
ns: 0.1716508523983031
version: 0.15271094393270263
defin: 0.14586411013259637
team: 0.13649600267233933
