present: 0.5588316078599379
file: 0.5008973029528863
tell: 0.32424755506547115
item: 0.25013397581540675
ns: 0.24367976900410682
directori: 0.23199099475228907
deleg: 0.18811473808690962
object: 0.12322366691269462
version: 0.10839610471485187
insid: 0.10609504651979731
