secur: 0.658195609809596
file: 0.5637803314298986
ns: 0.2818901657149493
transpar: 0.25857002905680254
bridg: 0.22852444797791574
instead: 0.17855969785681194
contain: 0.11162397453385647
method: 0.07773577653737285
gal: 0.0
fuzzi: 0.0
