intent: 0.7237378879182919
file: 0.38413449541541034
access: 0.3078540180312956
coordin: 0.2317519236430448
ns: 0.19206724770770517
coordinatewith: 0.15273103040319627
url: 0.15140958887605319
option: 0.13815956971320448
accessor: 0.11745197210571504
asynchron: 0.09475615365026781
