servic: 0.6453012820450406
file: 0.34173146655462383
extens: 0.3165698601391656
app: 0.2572107207647356
provid: 0.24347620468282644
xpc: 0.22317824735450442
communic: 0.1910784547271478
proxi: 0.18188722514326933
vend: 0.1358716794013529
ns: 0.11391048885154126
