tabl: 0.7407803784246418
hash: 0.6010314134088186
ns: 0.23627880154345993
given: 0.06867579477775795
pointer: 0.052993765975717096
object: 0.050603783449114294
add: 0.04603933874644588
receiv: 0.04555169922924558
member: 0.044385826931724166
remov: 0.037645428314530174
