enumer: 0.6712457872774882
hash: 0.5907633091568963
ns: 0.38422419756398324
privat: 0.17720208282381705
field: 0.14628394807849748
üfoo: 0.0
furthermor: 0.0
gap: 0.0
galoi: 0.0
gallon: 0.0
