tabl: 0.5703657351708198
hash: 0.462765664364247
back: 0.45846265118954377
call: 0.27115260711991124
ns: 0.24078105501070554
thing: 0.16054549403088136
know: 0.14724118814749645
predefin: 0.1417332301949802
abl: 0.13723290086552373
describ: 0.08824051147137398
