index: 0.6047273317055482
iter: 0.5723886490575338
set: 0.3760808493687169
ns: 0.24818238367209874
make: 0.16954996139648165
obtain: 0.15293677761601282
typic: 0.13151589383620213
function: 0.1258163814812527
call: 0.10480782069461134
instanc: 0.08600621532700738
