index: 0.863239385114678
set: 0.361790142877892
ns: 0.23105002691676108
rang: 0.11462792089979648
block: 0.10410204950833195
object: 0.07010224527046462
indic: 0.05703507274028371
found: 0.05499176829597536
contain: 0.05489525806306406
test: 0.05408470856093274
