index: 0.7409999152788286
path: 0.559105992578121
ns: 0.17154876102815061
node: 0.1706474448737966
view: 0.11931146615569958
section: 0.1003602523322961
tabl: 0.06649645910767177
identif: 0.06561859911430165
row: 0.05387957908143871
receiv: 0.051112090595664815
