index: 0.7462114188993008
specifi: 0.316808905572185
object: 0.23229462315756713
count: 0.21096280664066483
last: 0.19041050767487547
collect: 0.1672825877501402
backward: 0.15677728541092692
ns: 0.15312399403500315
front: 0.1404563918947127
term: 0.11810927268835818
