item: 0.6638785263502079
uti: 0.38052239954267203
provid: 0.29119630682419967
write: 0.2655039220874404
ns: 0.23354805831396644
visibl: 0.20869114422432175
ask: 0.20869114422432175
drag: 0.12684079984755733
given: 0.1236423755319936
represent: 0.12097917611675905
