item: 0.5957350775107355
option: 0.4522616115248976
file: 0.41915129078525887
ns: 0.41915129078525887
provid: 0.2986361381853899
furthermor: 0.0
gap: 0.0
galoi: 0.0
gallon: 0.0
gal: 0.0
