visibl: 0.6401083651407209
item: 0.5090707127673804
represent: 0.3710736405610489
ns: 0.358175394420306
provid: 0.2551921440640613
fundament: 0.0
gap: 0.0
galoi: 0.0
gallon: 0.0
gal: 0.0
