item: 0.8044366400933246
provid: 0.36448154725203824
ns: 0.27211102847395663
load: 0.10497039253073533
data: 0.09953967993366948
file: 0.09795997025062439
object: 0.09246770334132946
represent: 0.09021120404862105
type: 0.087938082639201
visibl: 0.07780793355953644
