item: 0.558380675269661
uti: 0.28449160967242476
read: 0.2683973005070392
past: 0.26195326916455564
ns: 0.26191281955594337
drop: 0.25657533655374665
destin: 0.23125833099797866
consum: 0.19830115375231047
app: 0.19713369030574815
provid: 0.18660716236111044
