observ: 0.7353487622767038
ns: 0.44990286841705934
key: 0.416152959883993
valu: 0.2892513107801132
üfoo: 0.0
fundament: 0.0
gap: 0.0
galoi: 0.0
gallon: 0.0
gal: 0.0
