mutat: 0.6189456490714822
set: 0.38343856475894156
valuefor: 0.33743593168001473
kind: 0.24572973408711904
key: 0.23405598378827636
chang: 0.1878970009789355
union: 0.1652541653941716
intersect: 0.16219887687062823
minus: 0.1569934848594591
semant: 0.15266010675591424
