archiv: 0.7384266275689043
key: 0.4209300229009045
encod: 0.2785640351818525
given: 0.24709396651412208
ns: 0.24503626545825197
object: 0.1062082442276916
associ: 0.10483759837312565
class: 0.08715007117600894
name: 0.07747173449579536
valu: 0.07501837348627777
