observ: 0.6574203461722198
chang: 0.44801661631470835
ns: 0.4022245153209638
key: 0.37205124558920594
valu: 0.25859796958803516
üfoo: 0.0
furthermor: 0.0
gap: 0.0
galoi: 0.0
gallon: 0.0
