observ: 0.5687364399657173
key: 0.32186272015041145
pass: 0.30094544925789884
chang: 0.2906854536354335
option: 0.2815896142515862
context: 0.25343693212302854
valu: 0.22371392893783967
dictionari: 0.2113676128931582
path: 0.20791434172444428
valuefor: 0.17400972582898672
