unarchiv: 0.6115709793305455
key: 0.5041131555414747
decod: 0.3286687327720093
ns: 0.3041841575122469
archiv: 0.21231722088472416
given: 0.16103774146326613
encod: 0.14408541764987642
object: 0.11536458522571084
associ: 0.11387577433675243
valu: 0.08148579806100803
