ns: 0.5869103479412345
key: 0.5428826878602486
oper: 0.46736720990784547
valu: 0.3773360860083311
üfoo: 0.0
furthermor: 0.0
garbag: 0.0
gap: 0.0
galoi: 0.0
gallon: 0.0
