deleg: 0.6966745768522746
unarchiv: 0.48873161060232506
ns: 0.2734718790226651
key: 0.25295711561194406
decod: 0.23638747438328586
notifi: 0.14449788889362267
finish: 0.1434783311993666
inform: 0.1300879516569398
substitut: 0.08249406754949579
given: 0.06434595281095275
