observ: 0.5978246711091181
custom: 0.5150668182467221
ns: 0.36576254444182976
key: 0.3383245055087459
requir: 0.27160237014183464
valu: 0.23515585883305526
fundament: 0.0
galoi: 0.0
gallon: 0.0
gal: 0.0
