key: 0.6572616398720641
chang: 0.5276408190536671
valuefor: 0.23689171519791885
ns: 0.23685513547820852
observ: 0.19356525923649504
context: 0.17251078713877763
constant: 0.15462343172584964
valu: 0.1522787766237663
dictionari: 0.14387482112568523
path: 0.14152423030007782
