chang: 0.5955198866112962
key: 0.49454396894788005
valuefor: 0.2673669706351344
observ: 0.2184667240854222
kind: 0.19470367091834323
context: 0.19470367091834323
constant: 0.17451517245003317
valu: 0.17186888601783573
made: 0.16879666080543348
dictionari: 0.1623837922863089
