deleg: 0.6910635142657028
archiv: 0.5049147272193063
ns: 0.2712693186309875
key: 0.25091978246591445
encod: 0.2055909992957188
notifi: 0.143334093450027
finish: 0.14232274734009331
inform: 0.12904021478988772
object: 0.1097400914297652
given: 0.09574155945066384
