linguist: 0.6746897400385482
tagger: 0.5272232497985966
tag: 0.2999650602156259
ns: 0.2004852759519118
scheme: 0.16815140164293474
rang: 0.1606729682881944
languag: 0.11292934693184813
unit: 0.105075290218916
specifi: 0.09481096303937606
string: 0.07503509448896314
