unit: 0.4484803135054899
scheme: 0.4306203285363939
tagsin: 0.4082728378501266
token: 0.30975373928005545
tagfor: 0.2041364189250633
rang: 0.19593749814909886
schemesfor: 0.1934659385064125
option: 0.18466057439033015
tagger: 0.18002272303178768
orthographi: 0.18002272303178768
