linguist: 0.7391212744629851
tag: 0.5750694767931054
scheme: 0.19342000397376782
ns: 0.11530639201463373
constant: 0.10036553917077924
tagger: 0.08086008369025258
valu: 0.07413272368968457
know: 0.0705115697764544
natur: 0.06447333465792261
certain: 0.06389660853256726
