tag: 0.6367855283413159
linguist: 0.4910659496920755
scheme: 0.4283554053644457
languag: 0.22475046906153784
schemesfor: 0.1443362778438651
avail: 0.11323451929070479
ns: 0.09576074464466745
unit: 0.08364777236418616
inittag: 0.07614852285494941
specifi: 0.07547660194346321
