lock: 0.7346474452300874
acquir: 0.31045334390720314
execut: 0.21534946736741306
thread: 0.19010368658623736
ns: 0.17972026242186565
protect: 0.17452965570474144
share: 0.17277466914839434
requir: 0.13345393063901945
corrupt: 0.13014230418053602
relinquish: 0.12603113501653843
