lock: 0.8155870650536019
attempt: 0.1937507391020421
unlock: 0.17737930350440756
acquir: 0.15318109885366
sent: 0.14159384148981796
thread: 0.14069887881179935
ns: 0.1330139350614228
messag: 0.1246614385233629
success: 0.12217111254496286
behavior: 0.12217111254496286
