test: 0.632722279132334
logic: 0.5979353191344788
object: 0.22552944694541513
oper: 0.21524403717878302
perform: 0.14523596152441134
ns: 0.13514956770050773
initi: 0.13026650500125841
array: 0.12447486898728882
script: 0.10001382345744028
specifi: 0.09986441497387355
