local: 0.8587662118582448
ns: 0.3132824938591381
identifi: 0.23333503733140054
code: 0.12230354220289055
string: 0.1172514111913977
specifi: 0.1094316347679657
languag: 0.08021171101131616
canon: 0.07837236567398505
user: 0.06633347175148221
identif: 0.05991637086407778
