mach: 0.7402709098610126
port: 0.4182662296719079
deleg: 0.3767540350789743
ns: 0.18075520010557547
incom: 0.1770716163475987
adopt: 0.1682202082700854
process: 0.11010814731734292
protocol: 0.10472996588526531
option: 0.09751686310938103
messag: 0.08470241578573717
