enumer: 0.6797350580762761
map: 0.5765680803049659
ns: 0.38908349548791826
privat: 0.17944316425138476
field: 0.14813400668935447
fundament: 0.0
gap: 0.0
galoi: 0.0
gallon: 0.0
gal: 0.0
