map: 0.4992134023196792
tabl: 0.4560070061130674
back: 0.3665405687825742
key: 0.35612677138602317
predefin: 0.22663123670495589
call: 0.2167863196330897
ns: 0.19250428497654068
nota: 0.1530785605166877
notapointermapkey: 0.1530785605166877
marker: 0.1313980843598533
