tabl: 0.5678915210110398
back: 0.45647386625146585
map: 0.4440706495293955
call: 0.2699763625129374
ns: 0.2397365604715379
thing: 0.15984905679749617
valu: 0.15413130083453103
know: 0.14660246423728776
predefin: 0.14111839949349222
abl: 0.13663759233702757
