mach: 0.717887726442498
port: 0.6348824341968345
ns: 0.1371833216451412
mode: 0.08625324086150585
loop: 0.08198945805680617
run: 0.07960517366869331
communic: 0.07670577538138677
receiv: 0.0666079834641524
object: 0.055496546148131105
local: 0.054071869563498014
