tabl: 0.7563037573707868
map: 0.5384408183979418
ns: 0.2700337252025605
key: 0.13223481792366779
valu: 0.0868049688641592
pair: 0.058221850226352886
object: 0.05783306866652864
specifi: 0.0563386485572062
weak: 0.05487801321449936
refer: 0.05227962586143078
