queri: 0.5911248787882276
metadata: 0.5166745364245896
group: 0.383105101597074
result: 0.3437279050570505
ns: 0.2732836779412839
index: 0.1664724414711653
specif: 0.12768463926776621
gain: 0.0
fundament: 0.0
gal: 0.0
