measur: 0.920233270700645
unit: 0.21971376637234744
ns: 0.16768690332359049
convert: 0.09992804282384106
receiv: 0.09159602744350276
object: 0.08479569397662676
doubl: 0.07323792212411581
specifi: 0.06608364262543058
new: 0.06411547578768402
differ: 0.06145324895127889
