queri: 0.7096483417922395
metadata: 0.5663337863348311
result: 0.23323528954912984
ns: 0.21396417883021335
attribut: 0.10227725283506081
index: 0.07820256117504
current: 0.06312765772388601
updat: 0.05647479782774942
enumer: 0.05606982378204498
valu: 0.05502469402285147
