metadata: 0.7470709973923108
item: 0.4813866999288232
ns: 0.22579819370396367
attribut: 0.20237633122825863
name: 0.16062601908736251
key: 0.1566447892024609
given: 0.11953952973079277
simpl: 0.08497566339956654
valu: 0.07258502677527814
pair: 0.06896935012190875
