queri: 0.565870969203817
metadata: 0.5564264380987769
deleg: 0.4089594474821121
ns: 0.29430957553991227
differ: 0.21571487404115047
given: 0.1384978238141494
valu: 0.1261449029351279
object: 0.11906086501562789
attribut: 0.11723603702359751
result: 0.08226080890714507
