tupl: 0.5345482197350118
attribut: 0.4765910264562391
metadata: 0.37699990266574707
valu: 0.32050473929772905
queri: 0.2875491965840145
attributevalu: 0.23784997015946477
name: 0.18913506052761211
exist: 0.12078787431536865
list: 0.11442105116439022
ns: 0.0997029200403015
