command: 0.6451141885333039
move: 0.5865387758802358
script: 0.2677067728021032
cocoa: 0.14663469397005896
circumst: 0.09823510293145098
subclass: 0.09584981589605295
choos: 0.09259635466074619
support: 0.09121778178214303
ns: 0.0904386347905659
object: 0.0823192030221872
