mutabl: 0.7388099377146385
copi: 0.5070570552325872
copywith: 0.19333870963669392
adopt: 0.16565077616291293
distinct: 0.1431802004185109
declar: 0.11461085372992488
defin: 0.11344095002348019
protocol: 0.10313029757135721
method: 0.09816962252434772
invok: 0.09487879189074556
