index: 0.7762072808251761
mutabl: 0.4407521408981171
set: 0.2586024059527119
ns: 0.20478754493481768
receiv: 0.19886506964698256
rang: 0.1042037421907579
remov: 0.09860919592900358
add: 0.0753727341232322
irrelev: 0.05144465701882789
collect: 0.04971626741174564
