set: 0.6225603775168644
mutabl: 0.6145183293514841
ns: 0.28869737372448084
member: 0.141839748958383
given: 0.14108206457114356
object: 0.12128243017429237
add: 0.09808248415349392
receiv: 0.0970436139933071
remov: 0.09624005626439901
anoth: 0.08838087169338331
