data: 0.6465237115917604
mutabl: 0.5059329660840405
ns: 0.2437790356725473
object: 0.22189295511319237
receiv: 0.18642402667507998
byte: 0.17455687164240974
content: 0.16475585988453276
given: 0.1548704928298684
replac: 0.11982789904998535
number: 0.08723239924345724
