array: 0.6747528085209616
mutabl: 0.506819192910049
ns: 0.33398769385734406
object: 0.1765177713584896
given: 0.1597047679597958
receiv: 0.1412399342761772
remov: 0.1283978798156884
index: 0.11813264590808611
specifi: 0.08916263512127058
sort: 0.0785329675251413
