dictionari: 0.6691081285698618
mutabl: 0.6154823885350216
ns: 0.3707054916579112
entri: 0.07121479022090177
key: 0.06857933053037678
toll: 0.057510020682781625
bridg: 0.051518708741639725
free: 0.050367722345031306
add: 0.04677921733622827
alloc: 0.041633253831686395
