string: 0.5704679053859277
mutabl: 0.527223352327194
charact: 0.3058928661022068
ns: 0.27218315122111075
replac: 0.23413205481713345
given: 0.19212817347437547
rang: 0.15580935741713584
receiv: 0.1486752685795504
charactersin: 0.12986330665076176
insert: 0.06689487280489527
