charact: 0.7672800082813821
set: 0.3428486535238628
mutabl: 0.34049785403101296
ns: 0.2143438784277529
unicod: 0.21266458524745507
categori: 0.17646064334500344
contain: 0.132030469672844
general: 0.10794228902284282
receiv: 0.0780543873997076
given: 0.04482983328115413
