mutabl: 0.6321474209900607
order: 0.49829479313907216
set: 0.4203530117220747
ns: 0.2610808133924884
object: 0.1633784677995103
index: 0.12921918027721185
given: 0.09790473952023103
remov: 0.08839371257137084
specifi: 0.08681276167049609
receiv: 0.07130540571294017
