attribut: 0.7250647564342582
mutabl: 0.37715230974143715
string: 0.2830284647220264
ns: 0.2550044217396699
charact: 0.237175085464418
rang: 0.1711437047256671
font: 0.10803658580655441
paragraph: 0.09820154607226012
receiv: 0.08645691050543702
attach: 0.0845479909253282
