request: 0.6601796366305482
nsmutableurlrequest: 0.34954361601467543
mutabl: 0.3040904456265145
url: 0.3032044187314212
header: 0.17547122033701576
mutableurlrequest: 0.17477180800733771
http: 0.17063490259268604
websit: 0.1500189229292418
load: 0.10093430609992127
helper: 0.08738590400366886
