name: 0.6005100937371972
specifi: 0.3742589809401205
script: 0.31234909566218194
window: 0.29460730605755747
ns: 0.21104005322000335
key: 0.14640650621530302
object: 0.1280621497443102
contain: 0.12535270324084996
finder: 0.11928453513535854
initcontain: 0.11928453513535854
