notif: 0.9095179116717959
object: 0.2009215059360725
ns: 0.14715939926374486
center: 0.141495160197913
name: 0.13957967267009272
dictionari: 0.08939021821624184
poster: 0.08776538016493943
broadcast: 0.0773980596329183
post: 0.07208022970612496
unarchiv: 0.06574848799305599
