number: 0.6572164885053847
treat: 0.3625218269566281
ns: 0.35135960352982376
valu: 0.256699917942496
initi: 0.19704127892390552
contain: 0.17707805214918157
object: 0.17444460909119786
given: 0.16910257575729318
unsign: 0.14271082173173671
long: 0.13819069635733153
