ns: 0.6732039805067265
object: 0.5487187931377147
receiv: 0.19009557027116017
key: 0.1266514410005477
deprec: 0.11870591977362856
specifi: 0.11803717326217764
given: 0.10269153946895733
valu: 0.09536622449942835
deleg: 0.0832395684541229
relationship: 0.07679735851168562
