protocol: 0.5555259142230016
object: 0.34544879634427056
requir: 0.3337334724729931
ns: 0.3295845673038431
receiv: 0.32732688094052903
boolean: 0.17565430679600263
messag: 0.1684846830913867
whether: 0.16039059587786972
indic: 0.14792451520011618
inherit: 0.1469163198502884
