order: 0.6243229292550431
set: 0.6041194100893787
ns: 0.33392792284036943
object: 0.15300804996407172
given: 0.13950329644203438
index: 0.10793409611792919
block: 0.09211517192405709
option: 0.07353186377635137
test: 0.07178565049030228
array: 0.06904247607248445
