orthographi: 0.6082368232643744
script: 0.4279036748801727
languag: 0.3618949070404184
domin: 0.2905142093305458
text: 0.22128949214408758
ns: 0.19274334513076344
grek: 0.07663433004980635
jpan: 0.07663433004980635
supertag: 0.07663433004980635
latn: 0.07663433004980635
