person: 0.6329169877724132
name: 0.45960424762513463
compon: 0.40667259215343277
swift: 0.2051176100612367
cocoa: 0.13094271859996282
framework: 0.12711403678235794
object: 0.09801318678291719
nicknam: 0.09633050607490988
phonet: 0.09633050607490988
compris: 0.09633050607490988
