posit: 0.6279490497688341
specifi: 0.4442202555320367
object: 0.3040023287644295
relat: 0.20289719662968553
ns: 0.20039228693113711
insert: 0.18469020517801954
move: 0.16245524789352955
evalu: 0.15359044625857599
contain: 0.1190281867928051
caus: 0.10537481400029292
