pointer: 0.7289010462928672
array: 0.4593143980816734
ns: 0.2742873205203607
maintain: 0.13627926341962798
strong: 0.13539280791241207
weak: 0.12922114932605894
given: 0.12320856600896661
index: 0.12151550294640658
refer: 0.10942465045145748
receiv: 0.10896337027175838
