pointer: 0.591824772111822
function: 0.4249170844858298
person: 0.3649333779154139
memori: 0.303989057597748
manag: 0.21745555212523052
object: 0.1412834701231233
tabl: 0.1323664157318317
behavior: 0.12830928664624872
acquisit: 0.10527971357404677
collect: 0.10174262394564505
