proxi: 0.7194397293269817
ns: 0.2457618686093343
real: 0.24075352347176365
receiv: 0.17899080898617595
object: 0.17398715644541957
messag: 0.15355297453549677
respond: 0.15247920096041676
forward: 0.14303914511080182
method: 0.1355456275047288
selector: 0.12331824555854093
