predic: 0.8189923934033337
substitut: 0.26583591396365597
ns: 0.20982359286949975
variabl: 0.13896289431754816
condit: 0.12634219049133738
like: 0.11242968099944639
valu: 0.10791973740222421
evalu: 0.09649143614637828
format: 0.08776614045607725
pars: 0.0867237842053529
