checker: 0.6641131937481626
protocol: 0.4661025741115591
messag: 0.2638787245678644
target: 0.2343660940874722
object: 0.2196694959832655
forward: 0.1404633427995257
distribut: 0.13258467301372517
ought: 0.09595476967879227
receiv: 0.08788380041391565
consequ: 0.08738040358578246
