quit: 0.6278731120430664
command: 0.47308579644336657
cocoa: 0.29033795719186567
appl: 0.19846114729251393
save: 0.1853660829254331
script: 0.17668723873687572
event: 0.16245070579788892
handl: 0.1532238770827216
mac: 0.11939795416885139
applic: 0.11857698737700749
