rang: 0.6633635431666388
specifi: 0.5708528106558095
object: 0.23439802439432494
ns: 0.19313814285332898
uninterrupt: 0.15358260151173744
delimit: 0.12380277259481819
two: 0.11841997166581328
seri: 0.1112105770691107
contain: 0.10197280010199382
evalu: 0.09868701037909441
