lock: 0.8020272349935521
recurs: 0.3400172738078176
acquir: 0.24649254414486324
thread: 0.201250385509203
attempt: 0.15588774649291168
ns: 0.1426935982109751
relinquish: 0.10006571267912354
deadlock: 0.09739869145053903
perman: 0.09319044417685445
prevent: 0.08853206545219869
