relat: 0.6587802200714842
specifi: 0.4326972317420229
ns: 0.3253235556676186
rel: 0.19402189518731391
initcontain: 0.1838801142925205
pos: 0.17110298144414027
super: 0.16654262533845868
base: 0.1557061911733712
initi: 0.12542774146437408
script: 0.12037349884533044
