regular: 0.7200551431785399
express: 0.5179896948312334
match: 0.2955434715691914
ns: 0.17008248770322065
rang: 0.1198308192250754
string: 0.11751936602641647
templat: 0.0974077698211767
pattern: 0.07438041601804173
within: 0.06270800673452512
metacharact: 0.062422544292285644
