script: 0.5849488886561215
object: 0.51391545009031
specifi: 0.30038145232483626
ns: 0.19761165680864215
word: 0.16712825390174899
appl: 0.14079312653585493
model: 0.13523037609343147
color: 0.1276508646992574
applic: 0.11216183463459685
form: 0.10468570733152872
