coercion: 0.7464140192833734
script: 0.36323226174782364
handler: 0.3193106059444698
ns: 0.19633559223335165
class: 0.15711546538804194
share: 0.1415609035942139
given: 0.13858902931563208
regist: 0.13524826021562875
object: 0.11913927062231294
coerc: 0.10663057418333904
