command: 0.7963985273111324
script: 0.46818865789017283
execut: 0.1560778952438328
ns: 0.14886293897413425
cocoa: 0.12068112013469257
perform: 0.0799863900607095
applic: 0.07393110324220199
default: 0.07356287796819072
suspend: 0.06498127938855387
appl: 0.06186888322351554
