test: 0.5775820904130254
script: 0.46478913090934426
whose: 0.44581743867442225
subclass: 0.19018656510667573
ns: 0.1794496227557504
logic: 0.1443508703009654
true: 0.13995123228288792
evalu: 0.1375389645084501
boolean: 0.13150346086668
express: 0.11841212417895924
