suit: 0.7162017924437333
script: 0.41483552250764477
registri: 0.40012731576134014
ns: 0.1501529263537438
command: 0.12694120329654734
descript: 0.11381903344380015
appl: 0.09984802321134405
scriptabl: 0.09058866084255492
definit: 0.08661000765134096
event: 0.08173076727859206
