command: 0.7246926606543889
script: 0.5001269196676442
descript: 0.3107642088079935
ns: 0.15901786996999562
argument: 0.11541919927962513
appl: 0.09913405675809567
applic: 0.07897443543116887
suit: 0.0729313403935327
scriptabl: 0.07195272300261563
instanc: 0.06888344049204898
