script: 0.5558312098076837
descript: 0.508347426274573
ns: 0.26824987473544193
class: 0.2671375511326929
relationship: 0.24072981571513108
scriptabl: 0.16183765121045807
identifi: 0.12558506476002165
boolean: 0.12231498835968693
specifi: 0.11628589565124119
registri: 0.1128681954678877
