script: 0.4833352188273327
context: 0.41624073187971616
execut: 0.3913089979763857
top: 0.3489878274764359
level: 0.2693622380427041
object: 0.2477074050708508
contain: 0.16164439375935094
command: 0.1294145681276839
share: 0.1177300613161227
warrant: 0.09738191552460222
