command: 0.643860363142504
set: 0.571540739305517
script: 0.17176272789512573
valu: 0.14922450019572234
attribut: 0.13868565929112786
support: 0.11705206310208148
ns: 0.11605224967708831
relationship: 0.11158534039648906
window: 0.10800427096697161
coordin: 0.10502310685486481
