unarch: 0.7250346232498956
transform: 0.3811946624595123
secur: 0.3743902765223259
ns: 0.32068563058776417
data: 0.29327132758134533
üfoo: 0.0
furthermor: 0.0
furthest: 0.0
futur: 0.0
futurei: 0.0
