set: 0.786938459032885
ns: 0.4521091504079178
object: 0.20761345913016788
given: 0.16387963576605344
receiv: 0.10679208099416418
alloc: 0.09606185028783537
newli: 0.08683482670260216
array: 0.06752426106046729
programmat: 0.06332309385516575
rais: 0.062069164876246
