secur: 0.3015294299760615
initcod: 0.2919670867152084
conform: 0.275313985963038
overrid: 0.2740327919147206
xpc: 0.25301297747206636
decod: 0.2511591209847108
code: 0.24647207741403482
object: 0.23508872757628219
potenti: 0.225484301191053
class: 0.2066828994766546
