sort: 0.6489039106166318
descriptor: 0.6235597389379629
ns: 0.20029941105084423
compar: 0.1437889112716916
comparison: 0.1387940203753107
selector: 0.13400816053886933
order: 0.13154007771850648
path: 0.10638371348347805
key: 0.08234389007872027
see: 0.06699462304027308
