test: 0.5742037877818809
object: 0.39693757773539556
specifi: 0.3866806172802291
comparison: 0.30595754773160944
evalu: 0.2506799041185135
blue: 0.18486537408773118
ns: 0.1635333463040257
initi: 0.12609980386407615
word: 0.12101847978455518
oper: 0.09766839695846358
