spell: 0.6157851909112112
deleg: 0.500587113600443
server: 0.28667047448800276
word: 0.26659327020128376
ns: 0.20264054243093116
misspel: 0.15271592625596375
opportun: 0.14673975408766432
languag: 0.1268259616017857
sender: 0.1257252321806291
give: 0.11132611841697296
