spell: 0.7974430355773371
checker: 0.27815435097125546
server: 0.2681169322862419
word: 0.1683039199763274
ns: 0.15162038766758332
servic: 0.14315455280208775
avail: 0.13446528984227013
list: 0.1305019260809864
applic: 0.11295083865255237
make: 0.10358201293578922
