draw: 0.7867470949524753
option: 0.40350786836002517
ns: 0.37396683590909197
string: 0.279927159088809
frontmost: 0.0
futur: 0.0
friend: 0.0
gather: 0.0
garbag: 0.0
gap: 0.0
