string: 0.689702124667791
ns: 0.42791749334238643
given: 0.2582105823462149
encod: 0.2275417161523847
receiv: 0.21866226319360696
charact: 0.1667688454530065
rang: 0.1540867364895238
deprec: 0.09903941323612545
use: 0.09192285350254922
instead: 0.08743833204253855
