swap: 0.808927332068094
float: 0.48964178025373417
ns: 0.27927243434583454
privat: 0.1287989079165651
field: 0.10632613600240148
galoi: 0.0
gallon: 0.0
gal: 0.0
gain: 0.0
fuzzi: 0.0
