swap: 0.8096194947746935
doubl: 0.4883108552552561
ns: 0.2795113951972886
privat: 0.1289091153445706
field: 0.10641711449102485
üfoo: 0.0
galoi: 0.0
gallon: 0.0
gal: 0.0
gain: 0.0
