text: 0.6383348045028558
check: 0.5464517573580524
result: 0.41008776514759476
ns: 0.2445327199714594
creat: 0.11340429932741959
specifi: 0.09890376361269364
regular: 0.07083255170977738
phone: 0.05819593087139321
spell: 0.05415211600408219
express: 0.050955169464247003
