text: 0.6074087209813688
check: 0.5199772293058336
ns: 0.44087794834272825
key: 0.4078050531127746
fuzzi: 0.0
furthermor: 0.0
furthest: 0.0
futur: 0.0
futurei: 0.0
üfoo: 0.0
