write: 0.5171667645984063
unicod: 0.338517620532589
direct: 0.30354381492884236
directionleft: 0.257131440086392
directionright: 0.257131440086392
annex: 0.24706921675767718
bidirect: 0.2187054022522066
logic: 0.1829712220542037
left: 0.17326052818655213
right: 0.17021714108930647
