zone: 0.6807410179828491
time: 0.5633825707432442
ns: 0.23719865210668145
abbrevi: 0.15354331540609087
daylight: 0.14299373261812257
given: 0.1159154138500753
identifi: 0.10677690872530005
date: 0.10571802138452815
save: 0.08499445107905164
angel: 0.0825045891878333
