key: 0.5612674335072905
ubiquit: 0.485088828185548
store: 0.43645354534941444
valu: 0.32769625462657054
ns: 0.2305787150346665
cloud: 0.1371876017464891
specifi: 0.1219552844064489
associ: 0.1090364258348182
object: 0.0810054425570938
set: 0.07355900948711395
