uniqu: 0.6165257195621617
id: 0.4569017862485936
nsuniqueidspecifi: 0.36203786238671676
object: 0.24557457496730678
uniqueidspecifi: 0.24135857492447782
specifi: 0.17942165260299903
script: 0.14974173977598518
properti: 0.11147164126478848
scripter: 0.10642399850495655
relev: 0.09727944594980992
