archiv: 0.6011752186602333
unarchiv: 0.5772201232559029
ostens: 0.22014604486530087
ns: 0.20763386205504075
object: 0.1819931010325615
name: 0.17505713998028946
instanti: 0.14962301548211215
given: 0.14656423253641623
accord: 0.13178275296651498
data: 0.12658930858884393
