style: 0.6576084484461726
underlin: 0.6061964707956978
rd: 0.2020654902652326
strikethrough: 0.2020654902652326
ns: 0.1694052717796157
togeth: 0.14208391992974706
mask: 0.13240481375379315
word: 0.1253638412079251
pattern: 0.12038691629135484
produc: 0.10233066443334485
