connect: 0.5640676410861051
deleg: 0.4711354562266216
nsurl: 0.355434960278151
data: 0.26577446421941375
sent: 0.2320233177743737
url: 0.2290990106128347
protocol: 0.16838496395684266
request: 0.1454911611943195
load: 0.10009809244036612
bodi: 0.08885874006953776
