nsurl: 0.7582001156367382
url: 0.4561248086648006
resourc: 0.20243940114538697
file: 0.16531626424111348
path: 0.13170501598270756
bookmark: 0.10382270215975496
ur: 0.09854947475056519
specifi: 0.09229498153292844
newli: 0.09137417782553355
initi: 0.08498306907016852
