download: 0.8625227314118972
nsurl: 0.27430819212583607
url: 0.23574396609661988
deleg: 0.1731430764405897
load: 0.10300141082004308
request: 0.089826656030168
destin: 0.08801564885497931
resum: 0.08609710846926384
cancel: 0.07547232846004227
file: 0.07476193395013832
