request: 0.5999569036735458
url: 0.48309940243682065
nsurl: 0.33311248550224515
websit: 0.18590991306638663
polici: 0.13666797261902852
cach: 0.13511638212153892
encapsul: 0.13225012988840393
load: 0.12508214101299078
data: 0.12454148051428839
protocol: 0.10520655934909508
