download: 0.4834517982374973
deleg: 0.48171228021088736
url: 0.40992385383269564
connect: 0.3726567985610917
asset: 0.25446246344093437
nsurl: 0.19568464953792844
protocol: 0.15450718294361396
sent: 0.12774039331351816
file: 0.10666661269160578
destin: 0.09418226593906637
