connect: 0.5882811986095761
nsurl: 0.4633657588865731
url: 0.3801214345211558
request: 0.3034732307270504
load: 0.2847135609769657
asynchron: 0.10195290797240601
deleg: 0.09571943036398628
begin: 0.08841396781718813
data: 0.08399493412450498
call: 0.07757391748189485
