queri: 0.5780615875001239
item: 0.5697471886717425
swift: 0.2908949055047443
nsurl: 0.2101164414108
url: 0.20314884952383364
cocoa: 0.18570111918863902
framework: 0.18027133656194305
overlay: 0.12047691670345384
bridg: 0.09285055959431951
import: 0.09144085285800636
