download: 0.7684262930311917
deleg: 0.3725237207415442
nsurl: 0.3207522835691181
sent: 0.29778903843380455
url: 0.09648051415086915
determin: 0.0869659320282888
load: 0.08029396296997666
object: 0.07073040472658589
authent: 0.07060065253532631
receiv: 0.06366895719779708
