deleg: 0.5568941309154217
connect: 0.5185773792182372
authent: 0.303434720217792
nsurl: 0.2859239781953998
challeng: 0.26173613210277774
url: 0.23695076677484703
sent: 0.17775947907192535
download: 0.11008737590031258
request: 0.10700620929262075
protocol: 0.10320350131574296
