url: 0.6710707383915596
handl: 0.40467008400797916
maco: 0.2253835509793436
scheme: 0.2115497258643307
later: 0.1898447334799243
deploy: 0.14256526065858274
subclass: 0.13366008940478033
nsurl: 0.1156811830473512
guid: 0.11010223287625924
download: 0.10392653523000982
