compon: 0.5858813385598517
url: 0.5503192351244502
nsurl: 0.30492539160490456
object: 0.22189316064973305
ur: 0.20383019435430588
pars: 0.13739762689588786
form: 0.12327306760407492
initi: 0.10253293984627887
ls: 0.09950678219594566
modifi: 0.0877422858735446
