notif: 0.7167031666732139
user: 0.4623789877795081
center: 0.39994084953829295
deliv: 0.24633998281305686
ns: 0.11344118524831169
schedul: 0.0934830217399844
remov: 0.06145216045436697
frontmost: 0.045103965720125865
present: 0.044598006784961654
decis: 0.03871590294978604
