activ: 0.7342312817506204
user: 0.48984332623122523
app: 0.253274804242193
ns: 0.21031386745293087
object: 0.11485934076734987
mark: 0.09862704326995797
captur: 0.0761305906125135
use: 0.0754132656739062
delet: 0.0662053067497965
invalid: 0.06259984430869758
