action: 0.6518860124825222
notif: 0.451199193177473
user: 0.44633778914122946
titl: 0.23037660904786955
differenti: 0.1306175553372431
identifi: 0.12816658070298614
addit: 0.12507471988914973
shown: 0.11518830452393478
ns: 0.1095055985663371
show: 0.10529067316959038
