autom: 0.5043617370742418
workflow: 0.438205433801385
sandbox: 0.3026170422445451
applic: 0.25044690148510135
execut: 0.24170287379094965
user: 0.23490612798662494
script: 0.22390906930153273
intend: 0.22037370161129985
folder: 0.2191027169006925
task: 0.20038760144630527
