script: 0.6706748462295722
task: 0.436524358118144
user: 0.43176334294239177
execut: 0.1974470808237169
ignor: 0.13358469492696312
ns: 0.12358484657705514
run: 0.10757131103772634
input: 0.0915678492817604
unix: 0.08949250617930977
autom: 0.08240262194864886
