notif: 0.6073363983217746
center: 0.4724214876461561
deleg: 0.39826185381530926
user: 0.3814556878659085
sent: 0.19613475369756994
ns: 0.16377771561008816
present: 0.09658079192335842
click: 0.09257081001450673
deliveri: 0.08190150465544847
arriv: 0.07873691460769268
