script: 0.68610527591095
appl: 0.4203583107771349
sandbox: 0.2528954559084993
applic: 0.20929714619563006
execut: 0.2019898086650423
user: 0.19630980427358485
intend: 0.1841651326900373
folder: 0.18310297751378637
task: 0.1674628548686356
directoryappl: 0.09155148875689319
