unix: 0.5148317617399473
script: 0.49105035649689227
sandbox: 0.28442708003827366
applic: 0.28247139169304175
execut: 0.22717439216019042
user: 0.22078619092556112
intend: 0.20712729197807656
folder: 0.2059327046959789
task: 0.18834253329720838
shell: 0.10715979435693375
