activ: 0.6885379439357244
deleg: 0.3956678423706313
user: 0.3918906112504744
devic: 0.2285613789974064
continu: 0.16788231417804755
notifi: 0.16413163283199322
safari: 0.12350582345250721
app: 0.1169008214545748
ns: 0.10354334904428335
anoth: 0.07726490585377253
