notif: 0.7598129211227506
user: 0.5368759906977724
center: 0.19700885787045264
attent: 0.12219893092227349
ns: 0.10244769196805333
applic: 0.10175898640737563
deliv: 0.09534316063709142
object: 0.09325010681333737
notifi: 0.08119742657442093
actual: 0.07180859416024006
