nsuuid: 0.5426556760861738
ud: 0.47855425794233225
ds: 0.42339574417899434
byte: 0.186149412048869
identifi: 0.15974190220478235
rfc: 0.14528728218630693
uniqu: 0.13861582555258514
version: 0.12142401081808657
random: 0.10962286083595153
ii: 0.10853113521723476
