transform: 0.6158120948519288
ns: 0.5180610050701797
name: 0.491377281183628
valu: 0.3330715034288284
üfoo: 0.0
furthermor: 0.0
garbag: 0.0
gap: 0.0
galoi: 0.0
gallon: 0.0
