valu: 0.5721347319624029
ns: 0.40569020324134375
structur: 0.3380220559225131
object: 0.2779436593503455
contain: 0.24874343138838054
core: 0.21218543322026587
specifi: 0.20887318010028516
creat: 0.19767974606114333
new: 0.1701278714120063
kit: 0.14615088132571408
