whose: 0.5380214620097017
specifi: 0.3520496198302948
object: 0.2956810664077641
test: 0.2534682534370721
condit: 0.24450089467768374
script: 0.24039294952045484
express: 0.2143532037234767
logic: 0.17420553694045982
ns: 0.16242256361574245
boolean: 0.15870102453864818
