write: 0.5104913295605188
unicod: 0.33414813560097256
direct: 0.2996257614953749
directionleft: 0.2538124638064138
directionright: 0.2538124638064138
annex: 0.24388012066870415
format: 0.23478826386661153
bidirect: 0.21588241785895515
logic: 0.18060948384858994
left: 0.17102413273403785
