proxi: 0.739647677793398
nsxpc: 0.4742707141229407
protocol: 0.20129261483394653
error: 0.18199145006570075
handl: 0.14863567294285626
creat: 0.1457721391451314
connect: 0.13486079487066233
block: 0.13044267307831767
requir: 0.12898880211682998
xpc: 0.11344479543556076
