connect: 0.6386187548500679
nsxpc: 0.5319136979746745
xpc: 0.39583570406281826
object: 0.14011178463145532
listen: 0.133573644158329
launch: 0.1154664558889432
endpoint: 0.11309591544651951
process: 0.10548936618839423
communic: 0.09682929683172348
servic: 0.07266831193530848
