listen: 0.6365602401882589
nsxpc: 0.5633099145431155
deleg: 0.38225516357510686
reject: 0.2523339969430625
accept: 0.17595693987458416
connect: 0.1601794514643315
new: 0.10518195346331416
fuzzi: 0.0
futur: 0.0
futurei: 0.0
