nsxpc: 0.6484849034204
interfac: 0.3850910886294821
object: 0.25622683944054564
proxi: 0.2528357426549005
allow: 0.1729846139329561
appear: 0.15710285439756952
specifi: 0.15600367349302582
argument: 0.15323954329201597
within: 0.12648979418814973
paramet: 0.12000612374348144
