listen: 0.7733746520500485
nsxpc: 0.37821044447349017
xpc: 0.258478093551834
connect: 0.2150913377158668
deleg: 0.1466565400431096
launchd: 0.1258898770848829
agent: 0.11101908515048982
launch: 0.10555836351658256
incom: 0.10339123742073358
daemon: 0.10147969673204328
