formatt: 0.6780963395511008
number: 0.5178467221532638
cell: 0.20714108305737244
signific: 0.19795521216406375
digit: 0.17042553370857866
behavior: 0.11962822678074171
object: 0.10537968962983568
textual: 0.10477099149906421
display: 0.09385609901596072
format: 0.09079955271516495
