identifi: 0.6732787869869279
object: 0.308002821216587
bound: 0.25559072162838975
argument: 0.19648511143302624
valu: 0.19579726376595075
rang: 0.19370455523771304
metatyp: 0.16144803157835244
uniqu: 0.1546509128667024
upper: 0.151934410742866
partial: 0.1510790125851995
