opaqu: 0.7330868867829875
pointer: 0.6373469347525055
unsaf: 0.12825683929316525
type: 0.09349684802674497
convert: 0.09195028643144518
address: 0.05535343360955484
mutabl: 0.05337160006618703
memori: 0.0503648281326134
incomplet: 0.04360678902317593
given: 0.04084378049796823
