version: 0.7117102549902088
system: 0.5177696360079143
oper: 0.42469215630327445
creat: 0.13426594255839414
empti: 0.12850788524058523
provid: 0.07599575185093368
valu: 0.06857634537498429
furthest: 0.0
gap: 0.0
galoi: 0.0
