queue: 0.6827847985144926
oper: 0.5510439137662082
finish: 0.2593255715346889
queu: 0.1936822601296788
execut: 0.1579382027999094
retain: 0.11928112649020642
add: 0.10915249869835933
receiv: 0.1079963771463185
ad: 0.07918358194261813
theyr: 0.07450058596924827
