oper: 0.6617575150778209
task: 0.38526094094903945
execut: 0.34851960368817936
receiv: 0.1361793189471289
logic: 0.13369626102843546
object: 0.12606900296531684
queue: 0.12299508994928203
actual: 0.11649751207141003
depend: 0.11263243317377519
despit: 0.09912373022136996
