option: 0.7776323345332987
valu: 0.26189516606142343
nil: 0.2052842759084334
instanc: 0.17374264345038767
type: 0.15189716352347313
unwrap: 0.13614454805375592
coalesc: 0.13614454805375592
given: 0.1327115199314963
wrap: 0.12740892992349892
show: 0.12051500602661114
