stream: 0.6578912845350459
output: 0.5695975588311737
write: 0.2556734504386991
toll: 0.15264532711171702
initi: 0.15174245041762144
bridg: 0.13674295461687014
free: 0.1336879618882024
data: 0.12854674220606074
subclass: 0.08938394230075984
want: 0.08415081317127616
