path: 0.6408675727532829
key: 0.49604894619521134
partial: 0.47886919862877225
append: 0.14903770496758947
valu: 0.1379135286583626
boolean: 0.10479816317713436
equal: 0.10347192682201763
two: 0.09864349746198836
whether: 0.09569158960848954
indic: 0.08825412689621027
