rang: 0.6793628685261816
partial: 0.662332587106871
prefix: 0.15910913480643707
collect: 0.1080427802021038
instanc: 0.10281782248340861
quick: 0.09509153116858389
use: 0.07599085285665913
upper: 0.07400918500703252
valu: 0.06358355927874358
bound: 0.062250746590546926
