rang: 0.6771971869946869
partial: 0.6602211949215486
prefix: 0.15860192469722117
collect: 0.10769836006297749
instanc: 0.10249005853048036
quick: 0.09478839718467906
use: 0.07574860825628639
upper: 0.07377325759245595
half: 0.07255987267055522
open: 0.0643567498276003
