partial: 0.6251364667073948
rang: 0.5278255845954997
sequenc: 0.45508852201614575
given: 0.13740389580979542
predic: 0.13329686133489727
contain: 0.08113779145857312
boolean: 0.08008275141224316
indic: 0.07587048501089873
use: 0.07347260920513601
whether: 0.07312385590104582
