person: 0.7585983543116266
compon: 0.4874275222680063
name: 0.3672467138859935
structur: 0.13890039000556081
two: 0.08902498694748674
whether: 0.08636091313735869
indic: 0.07964866105872344
valu: 0.06223294187953808
boolean: 0.047289762371615494
equal: 0.04669130338931386
