person: 0.671100405185445
name: 0.39986201814051997
compon: 0.39803709342071203
formatt: 0.2700695958422304
given: 0.11159302959751034
format: 0.11021194908838526
string: 0.09861385869662814
local: 0.0934692122729509
across: 0.09305862347058137
style: 0.08182508244465533
