pipe: 0.8932800823824355
process: 0.1886433377167915
communic: 0.17315680625556623
data: 0.14160315379242838
buffer: 0.1214340109954314
cluster: 0.09925334248693728
object: 0.09395907258722075
orient: 0.09114486233702244
interfac: 0.08368233485663547
one: 0.08220117677861676
