port: 0.7597292395461975
messag: 0.39561823567861665
send: 0.26961451179689994
receiv: 0.15371899777695205
object: 0.1494218137028325
repli: 0.14406548530654623
compon: 0.13285185311132283
distribut: 0.11595301386754556
sendbefor: 0.08391803129514337
inter: 0.08391803129514337
