port: 0.8465052991092893
object: 0.18498747904439358
receiv: 0.1665190511907084
subclass: 0.1292360603007862
loop: 0.12298351686873257
run: 0.11940710977671141
monitor: 0.10766810174242145
communic: 0.10227380981925194
input: 0.1016428276807923
notif: 0.10048666010661046
