port: 0.7651157033058229
deleg: 0.5513434421877575
incom: 0.19434551202027073
process: 0.12084954499983365
protocol: 0.1149467049754719
option: 0.10702994123236464
messag: 0.09296540408214436
defin: 0.08429248385495973
implement: 0.07942782200752743
given: 0.0700190453362861
