posix: 0.7632077774025421
error: 0.4229341210754557
valu: 0.2595350375390169
boolean: 0.19721629544824457
equal: 0.19472049387200116
two: 0.18563402782765853
whether: 0.18007892730182568
indic: 0.1660826052368011
üfoo: 0.0
garbag: 0.0
