sequenc: 0.7760928368693669
prefix: 0.5452477215852147
given: 0.15223768733977097
predic: 0.1403029040093405
contain: 0.08540236921213812
satisfi: 0.08286355033884119
order: 0.0682883344924244
boolean: 0.06773454368067844
whether: 0.06184866184395109
indic: 0.05704158195165566
