process: 0.703854561396759
info: 0.5448563978576598
system: 0.1547266343243724
oper: 0.12691201530358096
agent: 0.12573309141471364
termin: 0.1213975634352514
version: 0.10634124204136669
activ: 0.0993557977566614
execut: 0.09548453338071747
sudden: 0.0950498640376087
