process: 0.7468785201477091
launch: 0.2581634593047707
task: 0.21368904080655904
environ: 0.21271087375291436
receiv: 0.2114932241018034
execut: 0.19331007091180918
suspend: 0.16901320321193494
program: 0.13225610004055802
subtask: 0.12908172965238535
current: 0.1269273049851698
