progress: 0.5979565437541448
info: 0.588575082102114
user: 0.4260438586491126
key: 0.338399135662995
üfoo: 0.0
fundament: 0.0
gap: 0.0
galoi: 0.0
gallon: 0.0
gal: 0.0
