progress: 0.870513352160874
report: 0.308362513399382
tree: 0.2724351569830913
object: 0.1491642096807913
creat: 0.10314200712885971
add: 0.09047309786293632
children: 0.07625614431396212
parent: 0.07153509215297281
caller: 0.06936981803878782
respons: 0.05692897099045864
