progress: 0.9234296256200317
unit: 0.13459366977807619
count: 0.12383323242355451
user: 0.10467280284512226
currentwith: 0.09189523686241803
work: 0.08736516707359121
instanc: 0.07119596677414966
total: 0.06726039883300512
parent: 0.06726039883300512
pend: 0.06654218785707369
