list: 0.5659805384619849
decod: 0.559518615856985
properti: 0.5433758451273685
format: 0.12893064081361488
reusabl: 0.12331346982770677
type: 0.09961260747654935
suppli: 0.08106345627091073
valu: 0.0792683877142187
specifi: 0.07288355361889683
use: 0.06315754633540471
