properti: 0.5732299999995311
list: 0.5672228083435269
serial: 0.39391317823560285
format: 0.16321721746656748
deprec: 0.1493144118967267
toll: 0.1412487385042588
bridg: 0.12653364635814926
datafrom: 0.12411585075274953
free: 0.12370674115751913
instead: 0.09886823866046604
