list: 0.5529423192158872
encod: 0.5477425185607586
properti: 0.5308583592416235
reusabl: 0.1927564115398863
version: 0.12859593080137174
suppli: 0.1267136587725019
format: 0.10076842252307816
default: 0.09523879423162115
new: 0.0736894797611052
set: 0.0730116296160835
