rang: 0.8241768316345726
sequenc: 0.3041719141294216
given: 0.21850248444611814
collect: 0.18088120111181738
predic: 0.14985884616929765
index: 0.10524415955883343
contain: 0.10262145445741275
valu: 0.10182100095961798
boolean: 0.09847353145595603
subsequ: 0.09514270575413385
