recover: 0.7012007235775735
error: 0.4332465843877591
requir: 0.2303018545151866
recoveri: 0.20679446835524332
recov: 0.20679446835524332
select: 0.1627184323779231
success: 0.1424309926128243
fals: 0.13014519946285188
otherwis: 0.12630993642005361
index: 0.12595067678669714
