convert: 0.4904931468132524
refer: 0.451499050353107
equat: 0.44702047738072814
hashabl: 0.4213612591524017
descript: 0.29246040718813643
function: 0.20863201399916323
type: 0.16624767210467875
provid: 0.14660752719100684
gain: 0.0
gal: 0.0
