path: 0.654129666941124
key: 0.5063141681005063
writabl: 0.38089809161499383
append: 0.23605120354852233
refer: 0.22778371495774027
one: 0.13527478075716487
new: 0.12990446734264513
given: 0.11991131957507037
creat: 0.1069174204960518
valu: 0.024270259836827214
