repeat: 0.7999679546257441
sequenc: 0.3556548271142886
given: 0.22577773776397672
predic: 0.17522335084234847
index: 0.16407648277813153
collect: 0.1563234442878809
subsequ: 0.11124617689644564
contain: 0.09999229040077913
satisfi: 0.0792327927613715
order: 0.07462423545672285
