result: 0.6851870492702056
success: 0.3002138236953939
transform: 0.25902122353304874
failur: 0.25723152949594547
map: 0.24217933921768833
unwrap: 0.23669045610921943
valu: 0.2101434570626726
new: 0.2082916082755963
given: 0.15381470470209818
throw: 0.1323640451456338
