collect: 0.626444031306019
revers: 0.5925878709031169
sequenc: 0.34514268801715287
given: 0.16990200363376448
predic: 0.14737168327868014
subsequ: 0.09356365044232869
contain: 0.07849199288633009
index: 0.07762309005725995
indic: 0.06990137761717609
satisfi: 0.06663877835905471
