loop: 0.6680327637988749
run: 0.6254416146259003
input: 0.15774643354014173
mode: 0.15059424949677228
schedul: 0.11696407369705919
timer: 0.10646793466851583
process: 0.08646078098211321
object: 0.08612840394546367
date: 0.08223764420059287
port: 0.08210933013805471
