scanner: 0.7619162853609217
scan: 0.44583644516652304
refer: 0.21190736736552584
found: 0.20687504302699178
valu: 0.178512385321879
string: 0.1355461383924555
charact: 0.12210531373006847
long: 0.10445605054847185
represent: 0.10005488284878139
hexadecim: 0.09460891935555268
