set: 0.752377865278942
sequenc: 0.37735072956441246
given: 0.2929333263318599
boolean: 0.1520560148877341
predic: 0.13498430343909606
whether: 0.13223134136648831
indic: 0.12805158436366665
contain: 0.11150955785340826
valu: 0.10958102277299021
index: 0.10834050027532972
