simd: 0.7607274166642676
storag: 0.4235831251682791
protocol: 0.25141339825315134
elementwis: 0.17252507683548066
refin: 0.15214548333285352
layout: 0.1416919421416248
lane: 0.13460908365159482
defin: 0.12291064116885864
vector: 0.11634932248329846
conform: 0.10278727929192676
