simd: 0.6755225400312358
mask: 0.6604364639444892
vector: 0.258294193600486
lane: 0.11009550595117283
pointwis: 0.09585368307315588
comparison: 0.06323667535456075
true: 0.052720358403228224
inequ: 0.04792684153657794
result: 0.042512366234441074
equal: 0.03260741842538605
