sim: 0.9189224476631718
vector: 0.3052826621515118
mask: 0.12312576676697382
pointwis: 0.1218415142189638
lane: 0.09329638482127023
comparison: 0.08038138997217603
result: 0.05403831035978274
random: 0.05176219420366625
given: 0.04549060778062351
equal: 0.034539945921954626
