simd: 0.945856146107979
vector: 0.20228413246294893
mask: 0.13102994383158745
pointwis: 0.12966324745559815
lane: 0.0921938048675092
comparison: 0.08554155064140695
result: 0.057507351686970125
random: 0.055085118064217904
equal: 0.036757270983458636
within: 0.03652395252927535
