sim: 0.9150993407676735
vector: 0.3145509473927174
mask: 0.12451449605928412
pointwis: 0.12321575849177757
lane: 0.09434867002419743
comparison: 0.08128800760179246
result: 0.05464780572760135
random: 0.052346017372547966
given: 0.043447933263425845
equal: 0.03492952022403725
