sim: 0.9166968286455492
vector: 0.3092648723528413
mask: 0.1247318608733683
pointwis: 0.123430856101168
lane: 0.0945133743900982
comparison: 0.08142991198416433
result: 0.05474320433987564
random: 0.05243739775551007
given: 0.04608400263997118
equal: 0.03499049664774564
