sim: 0.9166210383545289
vector: 0.31361533095006344
mask: 0.12188696769867975
pointwis: 0.12061563633606986
lane: 0.09235770660933648
comparison: 0.07957265274665141
result: 0.053494617432756505
random: 0.05124140184934356
given: 0.04503291542252091
equal: 0.03419243090580025
