slice: 0.9055711315700421
collect: 0.2415097077451623
sequenc: 0.22176844098804813
given: 0.1127009991292893
predic: 0.11185539399434213
remov: 0.0842720075754583
contain: 0.05511753889890852
subsequ: 0.05410666095769428
specifi: 0.050820475715742525
satisfi: 0.04954673855309524
