port: 0.670396844121418
socket: 0.5453732559310669
local: 0.22481775284203184
sock: 0.1842221035569858
receiv: 0.17803278113490814
tcip: 0.16685236948975396
remot: 0.13796710945565457
initi: 0.12566101813603583
communic: 0.09112115935677041
type: 0.06583143896194904
