static: 0.6598568892855854
string: 0.40285891887658387
scalar: 0.29322053722119923
unicod: 0.2669900822607286
singl: 0.19476541477993023
instanc: 0.14920724406668126
unit: 0.14103573170172443
initi: 0.13833366042599549
pointer: 0.1368039769318169
creat: 0.13549370976879732
