stream: 0.7929853030847263
receiv: 0.25912988380842833
given: 0.19135145722774358
data: 0.1549430426044763
seekabl: 0.14722605285403706
run: 0.13272591360347774
output: 0.12115782208747665
way: 0.12115782208747665
input: 0.11298018342794831
object: 0.1028105956474627
