level: 0.518771784911837
socket: 0.49331616630887903
secur: 0.4589208509876725
stream: 0.3999613827689784
key: 0.2424017195950678
properti: 0.144367142665443
access: 0.12601267721160195
set: 0.09927770906800439
valu: 0.08424187965378416
use: 0.06712020480089945
