network: 0.6024758568889904
servic: 0.523332450146163
stream: 0.4229769466292759
type: 0.33586304678415657
valu: 0.2672686006902582
üfoo: 0.0
galoi: 0.0
gallon: 0.0
gal: 0.0
gain: 0.0
