deleg: 0.7155354288744504
stream: 0.523938871949153
given: 0.24232255880424455
event: 0.2335747101049882
occur: 0.19793568576952408
receiv: 0.1875173789538472
messag: 0.16086776454363666
getxxx: 0.0
getyear: 0.0
galoi: 0.0
