stride: 0.7139373795067352
sequenc: 0.5589263231447289
given: 0.18207821536914745
predic: 0.16780406231549336
boolean: 0.11341592917511056
whether: 0.10356050354953333
contain: 0.10214232261514938
indic: 0.0955114431591081
order: 0.08893360497535989
anoth: 0.07699246691449957
