detect: 0.6522279695605638
encod: 0.43790612959203495
option: 0.41562844489663525
key: 0.35630389512553606
string: 0.2883356160792548
frontmost: 0.0
futur: 0.0
friend: 0.0
gather: 0.0
garbag: 0.0
