stride: 0.6222999048412551
next: 0.47775073511189614
iter: 0.4278010000305967
advanc: 0.30317706045789616
nil: 0.24304117623135094
exist: 0.22471765523789983
üfoo: 0.0
fuzzi: 0.0
futur: 0.0
futurei: 0.0
