interpol: 0.8450368471493082
string: 0.2577144354071448
liter: 0.17939585041330477
segment: 0.17625307182696165
protocol: 0.1662362427387258
append: 0.15947088227972486
type: 0.13908095372352694
express: 0.11359270072997447
conform: 0.08155637478136715
assembl: 0.06844484999752186
