string: 0.7897219458030621
given: 0.3035345082062106
sequenc: 0.2383575305718388
collect: 0.18026077514177463
valu: 0.12858679441515827
charact: 0.11800684800724098
predic: 0.11059437034121626
creat: 0.10699828781747751
boolean: 0.09771093521162884
index: 0.09746718836094524
