protocol: 0.801637353004477
string: 0.5663668172996119
requir: 0.10835673438870556
termin: 0.06586754898714503
pointer: 0.05495098682959536
sequenc: 0.046842946088129514
unit: 0.04248808848100829
null: 0.040824152185315106
given: 0.03814939319001836
utf: 0.03593879311745411
