transform: 0.7797459285884095
string: 0.49101838317564633
constant: 0.2141156007778238
appli: 0.21263211487283754
revers: 0.21119102013199012
method: 0.09044755384051434
use: 0.08400547887790244
gallon: 0.0
gal: 0.0
galoi: 0.0
