substr: 0.9275287887724176
collect: 0.17038450114323056
sequenc: 0.1648523445896518
given: 0.1047208512924802
valu: 0.08070663763491803
predic: 0.07918866429116543
boolean: 0.07433649943991508
remov: 0.07418355506534331
whether: 0.06787693201561872
indic: 0.06260131528738233
