random: 0.5411611618746119
generat: 0.473295542509326
system: 0.31714708163938066
number: 0.2557063028792947
platform: 0.1833456169455335
seed: 0.1600073985282422
data: 0.149372970538113
uniform: 0.14781319722134567
distribut: 0.13459964038662264
binari: 0.13040384565107938
