thread: 0.9056153629323174
job: 0.11624465852333644
current: 0.105248920229239
prioriti: 0.09959732298497166
main: 0.09060316692871202
block: 0.09040965828222103
want: 0.08008619487449836
applic: 0.07972456467865353
entri: 0.07195641589996632
use: 0.06852548380739774
