timer: 0.9274333556725852
loop: 0.19184103442258885
run: 0.18626222472907572
schedul: 0.08817095361745346
mode: 0.07568157849805905
initi: 0.06875280047125254
object: 0.06492612021268637
strong: 0.06455109151265387
specifi: 0.06324841398157506
interv: 0.06038865696746974
