zone: 0.71683992734818
time: 0.5773955813269067
daylight: 0.1334655562348963
save: 0.10577462832295377
date: 0.10525190081960646
valu: 0.10219141499257105
abbrevi: 0.09554145542658958
greenwich: 0.09299501786061065
gmt: 0.08897703748993087
given: 0.08014189724697736
