valu: 0.5104076849033863
shift: 0.29096116196469307
left: 0.2540840341760828
given: 0.20720305880477696
result: 0.20697849841077534
hand: 0.1920329110698192
binari: 0.17044023884096757
side: 0.1678564199437856
digit: 0.1571298005277935
variabl: 0.1502232378743075
