valu: 0.5072854276364978
shift: 0.29163198823721764
left: 0.25466983828960577
given: 0.20768077636218266
result: 0.2074556982323738
hand: 0.19247565305319994
binari: 0.17083319778207792
side: 0.1682434217544392
digit: 0.1574920715528294
variabl: 0.15056958545564558
