int: 0.6617512212878744
valu: 0.3820391755147036
shift: 0.2159690073849994
left: 0.18859656829403101
given: 0.16078951578120532
result: 0.15363198493562896
hand: 0.14253846427116384
binari: 0.12651107437291823
side: 0.12459320740153629
digit: 0.11663126041099742
