unbound: 0.4966247683682985
slice: 0.4253545671127439
rang: 0.32197343654671534
chang: 0.2505955302081881
letter: 0.22039710575639573
recurs: 0.20103676862030495
smaller: 0.19047185637524755
collect: 0.18433868651125984
count: 0.15498168778113589
phrase: 0.1271648227910817
