undo: 0.931523654253341
manag: 0.20368786753184592
redo: 0.15855721774524956
group: 0.0931740630978804
oper: 0.09262224737317473
target: 0.07261318783981217
stack: 0.07253247058498107
regist: 0.06867753557933227
action: 0.06182244233903662
revert: 0.059458956654468584
