sequenc: 0.6849822450586254
unfold: 0.6747508909672526
given: 0.11744354128079665
predic: 0.10823647013279321
boolean: 0.07315520054374408
whether: 0.06679828363333466
contain: 0.06588353284465144
indic: 0.06160650297842216
order: 0.0573636856336607
anoth: 0.0496614487793117
