unicod: 0.7886360256551871
translat: 0.3287739288106318
given: 0.24936748289680574
closur: 0.23661739977243434
encod: 0.20080507734090738
input: 0.19631299994135998
anoth: 0.1757433166616449
call: 0.14918760588641006
one: 0.140658662152879
fuel: 0.0
