codec: 0.5839921553336949
unicod: 0.5725082941111316
scalar: 0.34295694664981613
unit: 0.22910885689645707
utf: 0.1744137355520894
code: 0.1668656074440933
decod: 0.13603104977392244
encod: 0.11926957854931042
requir: 0.11685857585203475
sequenc: 0.11366621556815601
