unicod: 0.7046748829751238
decod: 0.5116055453454378
result: 0.26468664150040583
scalar: 0.2579685682237841
indic: 0.19480413457601548
valu: 0.1522088911956054
avail: 0.09331544256507845
error: 0.08267905331536773
boolean: 0.0771073119594228
equal: 0.07613150744848815
