electr: 0.6617385253483056
resist: 0.5589688284704193
unit: 0.3371343556486094
ohm: 0.1662095941189164
conductor: 0.15970537956297695
difficulti: 0.08768838482981656
convert: 0.08761835100244401
volt: 0.07733015940246188
amper: 0.0752691020111301
current: 0.07229931666249284
