speed: 0.5634747603315711
per: 0.46767758443240576
unit: 0.4094277957365559
meter: 0.24238386557987165
hour: 0.14592367492847788
coeffici: 0.1447551067475195
term: 0.13772789088698367
express: 0.1178242740396813
second: 0.11068656624777176
mph: 0.10649185261317858
