angl: 0.7539592600758843
unit: 0.42212800893618835
degre: 0.18412597659024188
quantiti: 0.13776704924447866
rev: 0.10979516823145048
circl: 0.10979516823145048
rad: 0.10979516823145048
radius: 0.10979516823145048
subtend: 0.10979516823145048
convert: 0.10970747844365036
