unit: 0.6593594156651236
valu: 0.40056658225031444
formula: 0.21671253417714997
convers: 0.20837438234197003
kilomet: 0.20165400079661458
coeffici: 0.1942663305420382
base: 0.18350806125002286
linear: 0.15420968046355607
calcul: 0.14429087809528443
meter: 0.13011499271227797
