pressur: 0.6078138778981335
unit: 0.42769367076677023
squar: 0.3100861219667396
newton: 0.30390693894906673
meter: 0.25319738006063
per: 0.209375214702886
forc: 0.15121309205620834
pascal: 0.11124279256357689
pa: 0.11124279256357689
convert: 0.11115394660586017
