mass: 0.679733662877646
unit: 0.44524580869044866
kilogram: 0.31637898815857163
troy: 0.23161618009055604
oz: 0.11580809004527802
convert: 0.11571559793469444
ounc: 0.10975464811827375
prototyp: 0.10975464811827375
kg: 0.10975464811827375
resist: 0.10545966271952388
