acceler: 0.662910195929909
unit: 0.46646268766752075
meter: 0.2761488852563879
per: 0.2283543855259234
second: 0.18915845620987035
squar: 0.169097201744518
coeffici: 0.16492005879955945
convert: 0.12122968428704198
veloc: 0.11498468294587953
rate: 0.10699483273732904
