power: 0.6989966378696566
unit: 0.5341742366851631
watt: 0.2450523251602788
convert: 0.1388273398488223
joul: 0.1265229986105086
use: 0.11933519943448967
energi: 0.11011085588947098
si: 0.09682164410528084
coeffici: 0.09442989638017826
linear: 0.09369871316843334
