frequenc: 0.7226024048900919
unit: 0.48856805860930114
hertz: 0.24086746829669728
occurr: 0.17870919834331342
quantiti: 0.15945063669035459
convert: 0.1269746821425405
hz: 0.12043373414834864
si: 0.08855530544757108
coeffici: 0.08636775789756579
linear: 0.08569900089335916
