temperatur: 0.7212782695176961
unit: 0.44921982485077033
measur: 0.21991323160873522
kelvin: 0.2128018738908439
convert: 0.11674841092746867
water: 0.11073425699224673
fahrenheit: 0.11073425699224673
celsius: 0.11073425699224673
tripl: 0.1030397527882423
thermal: 0.1030397527882423
