volum: 0.5389174672260159
cup: 0.37496548008442665
unit: 0.3604061865322167
ounc: 0.3553655388589483
fluid: 0.28122411006332
fl: 0.18748274004221333
cubic: 0.1707295796248232
metric: 0.16533626660831047
liter: 0.12284936554359882
quantiti: 0.11762331756456462
