dispers: 0.5775406962088369
million: 0.4137790716488602
per: 0.34239439270335914
part: 0.2956089573870606
unit: 0.2397990173460696
ppm: 0.2068895358244301
quantiti: 0.20543663562201545
constitu: 0.1873825594672105
amount: 0.13775055931204383
dimensionless: 0.10344476791221505
