unit: 0.626943740517502
length: 0.4888120340903701
meter: 0.2474364611784763
light: 0.1630675814079411
travel: 0.1630675814079411
vacuum: 0.1630675814079411
convert: 0.16293734469679005
extent: 0.1484961208586236
dimension: 0.14380515832425547
matter: 0.13673178046256393
