electr: 0.6764909144060649
unit: 0.44312171179123594
current: 0.2850857210845572
flow: 0.21846210161644367
amper: 0.1978639837164795
linear: 0.1554546487658619
convert: 0.11516356322046199
electromagnet: 0.10923105080822183
conductor: 0.10495655513669587
coulomb: 0.1016409987097955
