charg: 0.658844835691216
electr: 0.48269364891495453
unit: 0.368875181213679
coulomb: 0.16922141623915193
amper: 0.164711208922804
experi: 0.09594414897942728
ah: 0.09594414897942728
convert: 0.09586752154490365
electromagnet: 0.09092902150555447
fundament: 0.082355604461402
