fuel: 0.5145927619022941
per: 0.3893173244751134
gallon: 0.36756625850163865
effici: 0.3315491159222089
mile: 0.28254594635035724
unit: 0.255620548174258
mpg: 0.23270347320302565
imperi: 0.13316382777381697
energi: 0.12294751279375056
meter: 0.11770032893959602
