illumin: 0.6903532298113153
lux: 0.46023548654087687
unit: 0.333402608366903
lx: 0.23011774327043844
flux: 0.12140486435235567
lumin: 0.12140486435235567
lumen: 0.12140486435235567
incid: 0.12140486435235567
surfac: 0.11055631814757678
meter: 0.09210901929688198
