unit: 0.5985941567175401
dimens: 0.4318647108004997
subclass: 0.3631390034568689
dimension: 0.24027933186389266
symbol: 0.18987161162714358
measur: 0.1709392182114718
speed: 0.12013966593194633
mass: 0.11423032816397899
physic: 0.11188516557472893
appl: 0.09493580581357179
