unit: 0.7894709656582315
convert: 0.4157529649105665
linear: 0.20407569365987985
valuefrom: 0.1513037376473713
equat: 0.13778347552624814
subclass: 0.13443789815057033
scale: 0.12426321340512497
base: 0.1214240726626383
term: 0.09784196705256266
valu: 0.08155319919852094
