energi: 0.6058062384519943
one: 0.328066072046821
electr: 0.2746949364657119
displac: 0.21840247508874194
work: 0.18687249131946512
unit: 0.1799333706853104
deriv: 0.1440977598010316
cal: 0.10920123754437097
calori: 0.10920123754437097
atmospher: 0.10920123754437097
