area: 0.7227380800434299
unit: 0.41885125002183493
squar: 0.3036751971740498
meter: 0.16530840706701466
coeffici: 0.14808681296092388
quantiti: 0.13669763570839594
measur: 0.13669763570839594
acr: 0.10894288577532538
feet: 0.10894288577532538
convert: 0.10885587667747663
