electr: 0.6396973253508698
potenti: 0.4963483814011853
unit: 0.32590507780817174
differ: 0.2734638736348951
point: 0.1689515828274598
volt: 0.14950888982222665
energi: 0.134359482699399
linear: 0.11433305580284646
dissip: 0.0847676583593896
convert: 0.08469995722013567
