concentr: 0.5074609952110568
per: 0.4799021953804668
unit: 0.3781168354177153
gram: 0.36247213943646917
mass: 0.25655615294604517
mole: 0.22947842418953088
liter: 0.15036732880734088
coeffici: 0.1039771994278596
literwith: 0.07649280806317696
millmol: 0.07649280806317696
