durat: 0.48742467899574093
unit: 0.3875017393875828
quantiti: 0.3319740611054211
term: 0.22811627889976557
cesium: 0.1763805790883305
hr: 0.1763805790883305
radioact: 0.1763805790883305
planar: 0.16061949017255278
sec: 0.15554555284454613
angl: 0.15139984418629096
