unmanag: 0.8547377390844271
unbalanc: 0.3739477608494368
retain: 0.2026511028900269
refer: 0.1965394744898616
perform: 0.09625807413937494
unsaf: 0.0744549109383405
consum: 0.06781818303598128
pointer: 0.056921372081140086
object: 0.05435425721093972
without: 0.05425791862193336
