unsaf: 0.5453159556343504
mutabl: 0.4594483795550284
buffer: 0.4430464219089377
pointer: 0.4426328573015372
sequenc: 0.17111122881886082
given: 0.12291808308653061
collect: 0.10175431443451866
predic: 0.10010952532081016
memori: 0.06344848418534195
subsequ: 0.05352231596180245
