pointer: 0.6241764910595239
unsaf: 0.508350746922252
mutabl: 0.43590126435910287
memori: 0.25406546736642843
valu: 0.10723410358334609
referenc: 0.10516824489792886
uniniti: 0.09487324140556544
bound: 0.08165601574137454
argument: 0.07174054899691439
type: 0.0673778600547431
