unsaf: 0.6652734408136659
pointer: 0.5812649613112321
bound: 0.16792662145385726
argument: 0.14753533961849344
valu: 0.1470188534662978
memori: 0.12440210073574416
boolean: 0.11171714584899815
rang: 0.10908562155504481
whether: 0.1020093382242277
second: 0.09450155687556032
