raw: 0.4918473442202044
unsaf: 0.4595471173887413
buffer: 0.41986166671681613
mutabl: 0.3873045753656854
pointer: 0.3691161598829663
sequenc: 0.1288939665940914
given: 0.12102725186575436
memori: 0.0913712927337628
predic: 0.08649981345627465
collect: 0.08409834439809045
