raw: 0.5899973097360274
pointer: 0.562003741944236
unsaf: 0.49507962736207795
memori: 0.14139015818268816
bound: 0.11360612189760541
type: 0.08749183787064298
argument: 0.06986767400102854
valu: 0.06962308388315601
whether: 0.05635947568651015
boolean: 0.05290540657368547
