pointer: 0.5485057022943807
raw: 0.5209018987177196
unsaf: 0.43047742934184785
mutabl: 0.36745609501671683
memori: 0.2253906755980876
type: 0.09655693279667564
bound: 0.0835846249153467
valu: 0.08110549402163097
referenc: 0.0645913094558052
argument: 0.0514044773955688
