unsaf: 0.6102218559472349
pointer: 0.4998422853221162
buffer: 0.49349505378091013
sequenc: 0.22156698212153927
given: 0.13695427067823077
predic: 0.109161203738947
collect: 0.09165823951336922
subsequ: 0.06930449921767448
memori: 0.06161820555920845
contain: 0.05814061586809741
