raw: 0.5499189882726172
unsaf: 0.49309545744530237
buffer: 0.44266809684803504
pointer: 0.393854897933406
sequenc: 0.16307441639119874
given: 0.13437200318787182
predic: 0.09215837250654842
index: 0.08629569944154286
memori: 0.069360827187783
collect: 0.06770894470435852
