url: 0.8135953245147493
resourc: 0.2595239580328851
ur: 0.21094066457420033
path: 0.20929577232020913
bookmark: 0.14141767041680905
self: 0.13585229281203678
ls: 0.1310629154088658
file: 0.12509917005228632
append: 0.10429933318588018
valu: 0.09651442954993891
