challeng: 0.6714513306800387
authent: 0.4324576923838638
url: 0.33770420779299143
sender: 0.31894350156180146
download: 0.1412077011406138
respond: 0.10631450052060047
credenti: 0.09766350957883638
requir: 0.09543155163227164
receiv: 0.09359957785365496
session: 0.08548747648531177
