challeng: 0.6201359467137673
authent: 0.5991109442180406
url: 0.3274900718666684
session: 0.11843119837598177
server: 0.11194260108878788
request: 0.09507437371773553
realm: 0.08945158047742136
receiv: 0.0864462697028219
decid: 0.07160940512656103
credenti: 0.06764971287351706
