credenti: 0.8026074567597555
storag: 0.3638825636943812
url: 0.2448779456439251
protect: 0.22121940505626006
space: 0.2101189093022582
specifi: 0.11425657777073045
task: 0.10972178535034476
behalf: 0.08997690388505716
given: 0.06821736562607042
store: 0.05841448795905609
