cach: 0.770850483875727
url: 0.5068732494199766
respons: 0.24818335819475137
disk: 0.13297627306135323
request: 0.10729797193970499
store: 0.0755701509969396
task: 0.0709729056633276
data: 0.06533515110703095
specifi: 0.06334818004577189
clear: 0.05938441445016636
