credenti: 0.7573035992898121
url: 0.3142356196206572
persist: 0.31285525464716074
perman: 0.23140338889212456
password: 0.16250663076352795
base: 0.1413227069443146
user: 0.13754374910695372
certif: 0.1140755221777276
trust: 0.10097381323864162
authent: 0.08942316829016511
