url: 0.673357040730596
compon: 0.6065822681280065
base: 0.1257918048381524
structur: 0.12571306933093146
valu: 0.11264898733339754
cs: 0.09903528894770407
rf: 0.09903528894770407
subt: 0.09903528894770407
easili: 0.09515978000768185
older: 0.09215370173295212
