error: 0.6876796896766804
url: 0.46568845683626814
domain: 0.43271790927677906
valu: 0.16879884140935947
boolean: 0.1282673911560208
equal: 0.12664414822723433
code: 0.12527545005967436
two: 0.1207344068862027
whether: 0.11712142830125098
indic: 0.1080183685719332
