protect: 0.6305032666719905
url: 0.5118176050534405
file: 0.4328365174257518
key: 0.30027514356548185
resourc: 0.14030299688508002
valu: 0.13913951077862335
associ: 0.10802577400522302
type: 0.08742482262688928
creat: 0.06810547230116952
gal: 0.0
