resourc: 0.5960388087619679
url: 0.543579186461228
file: 0.4596968132591588
type: 0.3714003855344497
üfoo: 0.0
furthermor: 0.0
galoi: 0.0
gallon: 0.0
gal: 0.0
gain: 0.0
