protect: 0.5933264828853579
space: 0.5635541484812817
url: 0.26271216159929806
realm: 0.16743522994172047
usernam: 0.15580078983548287
challeng: 0.14509610154310623
password: 0.13586132690381642
proxi: 0.11825134215191235
port: 0.11424529913251369
authent: 0.11214142687067324
