protocol: 0.6840148756780274
url: 0.5733456477078196
request: 0.25329234408896584
handl: 0.1352894686156601
subclass: 0.13405588788474268
specifi: 0.12461876591184222
load: 0.08713271742738775
scheme: 0.07072539119894403
properti: 0.0696811803388662
app: 0.06346896923439031
