client: 0.6728100221984308
protocol: 0.46566622488892767
url: 0.3266845612095392
tell: 0.3208285940004977
requir: 0.22380004571046794
load: 0.13840992607046257
implement: 0.10055435591130987
challeng: 0.09841532748361156
authent: 0.07606293437648287
respons: 0.06979920047393517
