queri: 0.6031039556612876
item: 0.5944293664293204
url: 0.370911656169708
two: 0.19232513994038603
whether: 0.1865698078037284
indic: 0.17206899331778913
valu: 0.13444494255241188
boolean: 0.10216244312659584
equal: 0.10086956220106832
instanc: 0.07246808448572853
