respons: 0.6453794543936818
url: 0.43936008110680697
request: 0.22321531013745413
httpurl: 0.2100141341749205
http: 0.1442346923062389
actual: 0.13021874922115584
load: 0.12797699968408943
data: 0.12742382632207885
object: 0.11273406677827637
urlrespons: 0.11079865945677832
