url: 0.6309028220361927
request: 0.5952661209081095
header: 0.18255883037578802
websit: 0.15607846717881693
valu: 0.12250947706515068
polici: 0.11473797887903603
cach: 0.11343535944071206
encapsul: 0.11102903130190096
two: 0.10515078606869883
load: 0.1050112310782529
