key: 0.6272662369310686
resourc: 0.5861779422782198
url: 0.4009396590051069
request: 0.1357973018482971
pass: 0.13033363305346493
paramet: 0.12848757001915723
get: 0.10920734015058062
inform: 0.10752781778644754
one: 0.09000215503259723
instanc: 0.07833490428019123
