resourc: 0.3870971813985301
properti: 0.32893785052325325
file: 0.29854992341878067
valu: 0.28791533487890386
url: 0.26477047448861574
creation: 0.23835564961954267
ur: 0.22882325797355482
ls: 0.2234160269009252
system: 0.21738373097340197
nil: 0.195589300131372
