session: 0.5489637040432063
url: 0.4337181547588902
task: 0.4318553260742516
stream: 0.352466643681107
enqueu: 0.20380312409379794
complet: 0.17684206203595895
write: 0.16215729461432052
read: 0.14617166627197223
upgrad: 0.09722299356280883
taskwith: 0.0921410191923493
