deleg: 0.6263468899023735
task: 0.43422107827402473
session: 0.4293107693389666
url: 0.3149568584820443
tell: 0.19629359259345178
server: 0.11593992329782425
remot: 0.10407603072361198
request: 0.09846935384036726
bodi: 0.07517520863372351
data: 0.0749491112957305
