deleg: 0.6528316979776542
session: 0.4520299491265407
url: 0.31745243141164886
stream: 0.3073018576095156
tell: 0.21433634355918418
task: 0.1778000436436918
side: 0.09933509360532587
event: 0.09133119166979571
socket: 0.08422867297059757
complet: 0.08320915282667166
