metric: 0.6064658191061272
transact: 0.4026761593192161
task: 0.3054701547761074
session: 0.2588706873432749
respons: 0.24034294255969896
fetch: 0.21462565010173165
url: 0.2045252099706286
correspond: 0.14799971895470418
request: 0.1385443971438806
date: 0.13362090823932513
