deleg: 0.6129607665352415
session: 0.4401421104290718
task: 0.38952926645368974
data: 0.31376352835901794
url: 0.26080634643190737
tell: 0.15652466851712007
handler: 0.09565548288995854
complet: 0.09114845980510629
block: 0.08281306131447295
respons: 0.06810675183724905
