deleg: 0.6009218705740828
session: 0.597458036171265
url: 0.3540239478751721
task: 0.17625170375069765
download: 0.10965306691601977
tell: 0.1062349169151663
data: 0.09126624124039015
event: 0.0905358503153221
level: 0.0878036194289371
request: 0.07993804193283557
