task: 0.7002879741161232
session: 0.5275191594574131
url: 0.37509797328903255
data: 0.12893207676843002
suspend: 0.1230842653204304
taskwith: 0.07968748639320737
temporarili: 0.0690556200236249
resum: 0.060884981707712865
call: 0.059537913734047265
method: 0.05831807078367523
