download: 0.5785752669148461
task: 0.46498871125901114
session: 0.3940546904777318
url: 0.2594413679953056
server: 0.18623262969641816
resum: 0.15160278820490275
cancel: 0.1328943053986918
app: 0.13211191336075614
later: 0.13211191336075614
data: 0.12038967849028537
