metric: 0.6959191224848531
task: 0.5257901979630789
session: 0.2970539408775108
url: 0.23469254187907154
redirect: 0.13233775726006
transact: 0.11551765598761697
interv: 0.11202108692321382
respons: 0.0919311220364666
count: 0.09114846386667104
well: 0.08931419522774314
