deleg: 0.5878455552804096
download: 0.5229264766913105
session: 0.4221079022234507
url: 0.2918068657799743
task: 0.1867844244181938
tell: 0.1125834666380377
event: 0.0959462310462474
protocol: 0.08170455949783925
sure: 0.06907076828947203
resum: 0.06089833763571251
