session: 0.5897967465969265
url: 0.5415431595592262
task: 0.3103633999926901
download: 0.21064275244465838
request: 0.17915380384003196
creat: 0.12736350433358753
upload: 0.12520241042504326
complet: 0.11883915696073198
content: 0.10797148314949409
specifi: 0.10703068435898513
