session: 0.591702907297716
configur: 0.5379824784637159
url: 0.27269957901276604
upload: 0.2581922722658564
download: 0.21719362552760466
object: 0.19991758711174706
https: 0.1349257946105035
background: 0.12264291338773325
use: 0.11813400815397254
http: 0.10231175894818337
