ubiquit: 0.5764507813095481
status: 0.4555183253671163
download: 0.45159815227482136
item: 0.38944177742619435
url: 0.216003227901688
key: 0.16896748536558467
constant: 0.11925083187145746
possibl: 0.10828392294296073
valu: 0.05872127718956885
ftp: 0.0
