role: 0.5830733486098176
ubiquit: 0.5425577895228468
share: 0.37189319356043643
item: 0.3665441643225764
url: 0.30495465786490317
üfoo: 0.0
galoi: 0.0
gallon: 0.0
gal: 0.0
gain: 0.0
