ubiquit: 0.6061610176156963
permiss: 0.41971007280153627
share: 0.41548966949898086
item: 0.40951358166338114
url: 0.34070403062612775
üfoo: 0.0
fundament: 0.0
galoi: 0.0
gallon: 0.0
gal: 0.0
