default: 0.6384170515557782
user: 0.5945194131650026
domain: 0.22322663103838503
specifi: 0.22171713565229043
key: 0.20237841527243458
valu: 0.12726847636594812
associ: 0.11441075180668393
dictionari: 0.0886014230274836
persist: 0.07359381019946706
set: 0.07104498904884128
