uuid: 0.9409018986396458
ud: 0.21888054714767508
ds: 0.09682610760205881
two: 0.0956870726359307
whether: 0.09282363583107531
indic: 0.08560907984829368
rfc: 0.08306414395744866
version: 0.06942095249294251
valu: 0.06689007473247517
random: 0.06267395849437286
