transform: 0.8353901590618741
valu: 0.3848953725616982
revers: 0.26816241081086617
regist: 0.10758263594028503
identifi: 0.09139406824040797
name: 0.07406511544656319
given: 0.07349335738791371
initfor: 0.062094552783884024
nonrevers: 0.062094552783884024
charact: 0.0585054584247663
