path: 0.671789843850347
key: 0.5199836257511801
writabl: 0.39118156906949014
append: 0.24242410822626895
one: 0.1389269260125534
new: 0.13341162500650322
given: 0.12314868247746985
creat: 0.1098039744257454
valu: 0.024925507724230796
boolean: 0.018940472709009105
