xml: 0.674408057802397
document: 0.5695466271418868
node: 0.2211531642291197
child: 0.1685593330489345
receiv: 0.1545588215862134
children: 0.13166600983779894
object: 0.1287755660607313
root: 0.0948378979036662
markup: 0.09433266766872622
xslt: 0.07683675571799581
