node: 0.7138078055342437
xmldtd: 0.5123600147576112
declar: 0.19602110041727153
dtd: 0.19213500553410423
entiti: 0.1878511758872721
subkind: 0.14524741217604933
children: 0.11332625618493629
kind: 0.08869040273340763
object: 0.07389228147662777
xmldtdnodedtdkind: 0.07262370608802467
