xmldtd: 0.7187458755179884
node: 0.417950477507651
dtd: 0.31249820674695145
child: 0.238916275452381
declar: 0.1721621251948684
children: 0.13823971744513314
xml: 0.11180199866254369
list: 0.10228095564921742
repres: 0.08868386086348537
document: 0.0775761032605517
