xml: 0.643488235431157
node: 0.5825425853667188
child: 0.31341490783800413
receiv: 0.16763991726606373
attribut: 0.15718139917822066
namespac: 0.1371190221791268
specifi: 0.10366877901555725
name: 0.0935661137026797
children: 0.0816054691094669
uri: 0.07354445072280463
