node: 0.7504549028095481
xml: 0.6003883338333
document: 0.09643326947013449
object: 0.0806738528574181
kind: 0.07531229468834984
name: 0.07005490727841991
receiv: 0.0645508358036479
repres: 0.05512054803511395
queri: 0.053253564538702725
qualifi: 0.05217170278091662
