parser: 0.7357039609640884
xml: 0.5754329780031555
pars: 0.1620466066410118
content: 0.09936463083223389
report: 0.08852815046202393
item: 0.08358525350434512
object: 0.07137287567045562
initi: 0.06802156909361061
driven: 0.06648084787443062
cdata: 0.06387927904966893
