parser: 0.6861161514221651
deleg: 0.5207752155227915
xml: 0.31648455844983914
sent: 0.2773209506689006
encount: 0.20888418236394427
object: 0.11093701943821227
declar: 0.07063037013142617
entiti: 0.05640548413027129
fatal: 0.04361298545916755
namespac: 0.032672197686769766
