sequenc: 0.882443868413244
predic: 0.22077696074502356
given: 0.20362363869221817
array: 0.10939929248963334
contain: 0.10750953815653015
satisfi: 0.09127433284911614
use: 0.08692230900408239
order: 0.0835774548330195
boolean: 0.08289967543043686
equival: 0.0777090754532278
